10402   0.184   0   0.066
10403   0.554   0   0.121
10404   0.288   0   0.057
10407   0.193   0   0.039
10408   0.324   0   0.091
10412   0.309   0   0.035
10439   0.367   0   0.037
10449   0.340   0   0.043
10450   0.356   0   0.046
10455   0.248   0   0.042
10456   0.157   0   0.083
10463   0.324   0   0.042
10465   0.383   0   0.044
10471   0.370   0   0.045
10476   0.383   0   0.045
10478   0.422   0   0.065
10482   0.287   0   0.039
10486   0.297   0   0.039
10490   0.410   0   0.038
10494   0.307   0   0.039
10505   0.326   0   0.031
10507   0.354   0   0.041
10508   0.262   0   0.048
10517   0.355   0   0.044
10525   0.350   0   0.035
10526   0.362   0   0.049
10527   0.345   0   0.040
10528   0.382   0   0.063
10531   0.325   0   0.036
10532   0.385   0   0.038
10535   0.344   0   0.036
10536   0.373   0   0.050
10616   0.557   0   0.063
10629   0.625   0   0.088
10637   0.640   0   0.070
10639   0.428   0   0.049
10642   0.587   0   0.075
10646   0.667   0   0.067
10651   0.595   0   0.054
10652   0.611   0   0.052
10654   0.593   0   0.047
10656   0.467   0   0.038
10657   0.451   0   0.055
10659   0.463   0   0.094
10662   0.512   0   0.040
10663   0.531   0   0.039
10668   0.615   0   0.051
10681   0.494   0   0.053
10682   0.704   0   0.151
10683   0.553   0   0.153
10684   0.623   0   0.097
10685   0.464   0   0.048
10688   0.475   0   0.047
10689   0.575   0   0.046
10690   0.509   0   0.038
10693   0.686   0   0.077
10695   0.461   0   0.067
10696   0.574   0   0.043
10700   0.636   0   0.101
10702   0.495   0   0.082
10703   0.697   0   0.111
10704   0.553   0   0.053
10705   0.554   0   0.083
10706   0.566   0   0.046
10711   0.625   0   0.048
10713   0.520   0   0.050
10732   0.549   0   0.037
10746   0.509   0   0.056
10748   0.611   0   0.053
10753   0.526   0   0.049
10754   0.613   0   0.047
10755   0.629   0   0.062
10756   0.547   0   0.054
10758   0.580   0   0.047
10759   0.643   0   0.052
15166   0.4437   0   0.0335
15170   0.3721   0   0.0601
15172   0.4922   0   0.0355
15173   0.3440   0   0.0526
15190   0.4939   0   0.0409
15196   0.5161   0   0.0443
15200   0.6005   0   0.0736
15202   0.5305   0   0.0501
15205   0.4913   0   0.0671
15207   0.4451   0   0.0349
15208   0.4879   0   0.0920
15210   0.4603   0   0.0695
15213   0.4380   0   0.0504
15233   0.4719   0   0.0629
15244   0.4085   0   0.0494
15249   0.7391   0   0.0819
15251   0.5055   0   0.0909
15254   0.5936   0   0.0383
15255   0.4333   0   0.0364
15256   0.2828   0   0.0683
15257   0.5303   0   0.0464
15283   0.5461   0   0.0565
15284   0.5162   0   0.0523
15287   0.5310   0   0.1133
15299   0.3954   0   0.0470
15314   0.5112   0   0.0550
15315   0.4445   0   0.0690
15316   0.4465   0   0.0484
15322   0.5126   0   0.0352
15324   0.4655   0   0.0343
15335   0.5119   0   0.0341
15337   0.5089   0   0.0335
15338   0.5079   0   0.0408
15356   0.5192   0   0.0479
15357   0.4031   0   0.0950
15363   0.4079   0   0.0421
15364   0.5280   0   0.0362
15365   0.4897   0   0.0401
15366   0.4960   0   0.0445
15368   0.5770   0   0.0371
15370   0.4727   0   0.0679
15372   0.5061   0   0.0347
15376   0.4863   0   0.0338
15378   0.5029   0   0.0335
15380   0.5181   0   0.0347
15381   0.4886   0   0.0736
15386   0.4561   0   0.0337
15390   0.4805   0   0.0577
15393   0.3908   0   0.0370
15397   0.5187   0   0.0327
15399   0.4469   0   0.0274
15402   0.4470   0   0.0693
15403   0.3912   0   0.0560
15425   0.4420   0   0.0409
15426   0.5386   0   0.0563
15427   0.5069   0   0.0305
15431   0.4558   0   0.0574
15435   0.4982   0   0.0358
15436   0.4738   0   0.0293
15438   0.5637   0   0.0506
15443   0.5292   0   0.0302
15452   0.5097   0   0.0412
15466   0.3861   0   0.1154
15467   0.3777   0   0.0305
15470   0.4005   0   0.0306
16386   0.4546   0   0.0432
16401   0.6113   0   0.0436
16402   0.5700   0   0.0419
16404   0.7451   0   0.0663
16409   0.6645   0   0.0425
16410   0.7043   0   0.0419
16412   0.6780   0   0.0389
16421   0.4933   0   0.0395
16426   0.6341   0   0.0386
16430   0.5592   0   0.0583
16433   0.6196   0   0.0340
16436   0.6406   0   0.0387
16438   0.7226   0   0.0436
16439   0.6954   0   0.0510
16444   0.5938   0   0.0285
16445   0.6110   0   0.0320
16447   0.6117   0   0.0265
16449   0.6182   0   0.0312
16450   0.6520   0   0.0331
16451   0.6683   0   0.0291
16452   0.6509   0   0.0325
16453   0.5533   0   0.0312
16458   0.6170   0   0.0322
16460   0.5648   0   0.0347
16461   0.5099   0   0.0312
16462   0.6777   0   0.0714
16463   0.5683   0   0.0324
16464   0.7406   0   0.0599
16465   0.6030   0   0.0379
16468   0.6612   0   0.0564
16472   0.6362   0   0.0283
16475   0.6736   0   0.0272
16480   0.6182   0   0.0277
16484   0.5904   0   0.0298
16487   0.5469   0   0.0522
16494   0.6396   0   0.0442
16496   0.5836   0   0.0353
16497   0.7028   0   0.0596
16498   0.5769   0   0.0319
16502   0.6554   0   0.0312
16504   0.6681   0   0.0576
16505   0.6283   0   0.0405
16507   0.7067   0   0.0297
16509   0.6410   0   0.0282
16511   0.6321   0   0.0283
16512   0.5603   0   0.0270
16514   0.6238   0   0.0373
16515   0.5517   0   0.0285
16523   0.5605   0   0.0475
16529   0.5498   0   0.0279
16530   0.5679   0   0.0274
16532   0.6557   0   0.0351
16534   0.5581   0   0.0321
16538   0.6203   0   0.0289
16541   0.6207   0   0.0283
16543   0.5883   0   0.0276
16567   0.3815   0   0.1563
16570   0.6204   0   0.0320
16578   0.6113   0   0.0660
16582   0.4825   0   0.0326
16586   0.4988   0   0.0311
16587   0.4716   0   0.0278
16592   0.4786   0   0.0349
16593   0.4850   0   0.0500
16594   0.4808   0   0.0291
16597   0.5135   0   0.0491
16618   0.5097   0   0.0319
16619   0.5494   0   0.0308
16622   0.5511   0   0.0324
16625   0.4859   0   0.0277
16626   0.4860   0   0.0310
16627   0.4938   0   0.0295
16632   0.5652   0   0.0303
16633   0.5733   0   0.0353
16643   0.6387   0   0.0423
16650   0.4593   0   0.0299
16655   0.4894   0   0.0326
16656   0.5481   0   0.0285
16662   0.4648   0   0.0278
16665   0.4773   0   0.0326
16667   0.5805   0   0.0289
16668   0.4873   0   0.0274
16669   0.4019   0   0.0337
16671   0.4742   0   0.0260
16678   0.5100   0   0.0334
16685   0.5381   0   0.0307
16686   0.4481   0   0.0362
16690   0.5502   0   0.0326
16691   0.5081   0   0.0305
16693   0.4909   0   0.0289
16697   0.5081   0   0.0291
16698   0.4712   0   0.0297
16699   0.4909   0   0.0291
16701   0.4790   0   0.0459
16704   0.4741   0   0.0360
16710   0.4632   0   0.0331
16716   0.4390   0   0.0369
16720   0.4728   0   0.0279
16722   0.5148   0   0.0279
16724   0.5325   0   0.0300
16725   0.4691   0   0.0418
16726   0.4794   0   0.0262
