16386   0.4546   0   0.0432
16401   0.6113   0   0.0436
16402   0.5700   0   0.0419
16404   0.7451   0   0.0663
16409   0.6645   0   0.0425
16410   0.7043   0   0.0419
16412   0.6780   0   0.0389
16421   0.4933   0   0.0395
16426   0.6341   0   0.0386
16430   0.5592   0   0.0583
16433   0.6196   0   0.0340
16436   0.6406   0   0.0387
16438   0.7226   0   0.0436
16439   0.6954   0   0.0510
16444   0.5938   0   0.0285
16445   0.6110   0   0.0320
16447   0.6117   0   0.0265
16449   0.6182   0   0.0312
16450   0.6520   0   0.0331
16451   0.6683   0   0.0291
16452   0.6509   0   0.0325
16453   0.5533   0   0.0312
16458   0.6170   0   0.0322
16460   0.5648   0   0.0347
16461   0.5099   0   0.0312
16462   0.6777   0   0.0714
16463   0.5683   0   0.0324
16464   0.7406   0   0.0599
16465   0.6030   0   0.0379
16468   0.6612   0   0.0564
16472   0.6362   0   0.0283
16475   0.6736   0   0.0272
16480   0.6182   0   0.0277
16484   0.5904   0   0.0298
16487   0.5469   0   0.0522
16494   0.6396   0   0.0442
16496   0.5836   0   0.0353
16497   0.7028   0   0.0596
16498   0.5769   0   0.0319
16502   0.6554   0   0.0312
16504   0.6681   0   0.0576
16505   0.6283   0   0.0405
16507   0.7067   0   0.0297
16509   0.6410   0   0.0282
16511   0.6321   0   0.0283
16512   0.5603   0   0.0270
16514   0.6238   0   0.0373
16515   0.5517   0   0.0285
16523   0.5605   0   0.0475
16529   0.5498   0   0.0279
16530   0.5679   0   0.0274
16532   0.6557   0   0.0351
16534   0.5581   0   0.0321
16538   0.6203   0   0.0289
16541   0.6207   0   0.0283
16543   0.5883   0   0.0276
16567   0.3815   0   0.1563
16570   0.6204   0   0.0320
16578   0.6113   0   0.0660
16582   0.4825   0   0.0326
16586   0.4988   0   0.0311
16587   0.4716   0   0.0278
16592   0.4786   0   0.0349
16593   0.4850   0   0.0500
16594   0.4808   0   0.0291
16597   0.5135   0   0.0491
16618   0.5097   0   0.0319
16619   0.5494   0   0.0308
16622   0.5511   0   0.0324
16625   0.4859   0   0.0277
16626   0.4860   0   0.0310
16627   0.4938   0   0.0295
16632   0.5652   0   0.0303
16633   0.5733   0   0.0353
16643   0.6387   0   0.0423
16650   0.4593   0   0.0299
16655   0.4894   0   0.0326
16656   0.5481   0   0.0285
16662   0.4648   0   0.0278
16665   0.4773   0   0.0326
16667   0.5805   0   0.0289
16668   0.4873   0   0.0274
16669   0.4019   0   0.0337
16671   0.4742   0   0.0260
16678   0.5100   0   0.0334
16685   0.5381   0   0.0307
16686   0.4481   0   0.0362
16690   0.5502   0   0.0326
16691   0.5081   0   0.0305
16693   0.4909   0   0.0289
16697   0.5081   0   0.0291
16698   0.4712   0   0.0297
16699   0.4909   0   0.0291
16701   0.4790   0   0.0459
16704   0.4741   0   0.0360
16710   0.4632   0   0.0331
16716   0.4390   0   0.0369
16720   0.4728   0   0.0279
16722   0.5148   0   0.0279
16724   0.5325   0   0.0300
16725   0.4691   0   0.0418
16726   0.4794   0   0.0262
