16386   0.4546   0   0.0432
16401   0.6113   0   0.0436
16402   0.5700   0   0.0419
16404   0.7451   0   0.0663
16409   0.6645   0   0.0425
16410   0.7043   0   0.0419
16412   0.6780   0   0.0389
16421   0.4933   0   0.0395
16426   0.6341   0   0.0386
16430   0.5592   0   0.0583
16433   0.6196   0   0.0340
16436   0.6406   0   0.0387
16438   0.7226   0   0.0436
16439   0.6954   0   0.0510
16444   0.5938   0   0.0285
16445   0.6110   0   0.0320
16447   0.6117   0   0.0265
16449   0.6182   0   0.0312
16450   0.6520   0   0.0331
16451   0.6683   0   0.0291
16452   0.6509   0   0.0325
16453   0.5533   0   0.0312
16458   0.6170   0   0.0322
16460   0.5648   0   0.0347
16461   0.5099   0   0.0312
16462   0.6777   0   0.0714
16463   0.5683   0   0.0324
16464   0.7406   0   0.0599
16465   0.6030   0   0.0379
16468   0.6612   0   0.0564
16472   0.6362   0   0.0283
16475   0.6736   0   0.0272
16480   0.6182   0   0.0277
16484   0.5904   0   0.0298
16487   0.5469   0   0.0522
16494   0.6396   0   0.0442
16496   0.5836   0   0.0353
16497   0.7028   0   0.0596
16498   0.5769   0   0.0319
16502   0.6554   0   0.0312
16504   0.6681   0   0.0576
16505   0.6283   0   0.0405
16507   0.7067   0   0.0297
16509   0.6410   0   0.0282
16511   0.6321   0   0.0283
16512   0.5603   0   0.0270
16514   0.6238   0   0.0373
16515   0.5517   0   0.0285
16523   0.5605   0   0.0475
16529   0.5498   0   0.0279
16530   0.5679   0   0.0274
16532   0.6557   0   0.0351
16534   0.5581   0   0.0321
16538   0.6203   0   0.0289
16541   0.6207   0   0.0283
16543   0.5883   0   0.0276
