17156   0.0292 +- 0.0061   0.5556 +- 0.1543   0.0407 +- 0.0051   0.5104 +- 0.0872  255 
17163   0.0270 +- 0.0055   0.5666 +- 0.1590   0.0384 +- 0.0048   0.5046 +- 0.0906  255 
17169   0.0418 +- 0.0026   0.3688 +- 0.0608   0.0400 +- 0.0021   0.5022 +- 0.0544  255 
17171   0.0507 +- 0.0040   0.2741 +- 0.0741   0.0353 +- 0.0037   0.4845 +- 0.1089  255 
17175   0.0383 +- 0.0019   0.4054 +- 0.0493   0.0391 +- 0.0017   0.5348 +- 0.0448  255 
17178   0.0401 +- 0.0024   0.3501 +- 0.0570   0.0416 +- 0.0022   0.4580 +- 0.0541  255 
17186   0.0424 +- 0.0020   0.3447 +- 0.0463   0.0405 +- 0.0018   0.4786 +- 0.0444  255 
17201   0.0393 +- 0.0017   0.4170 +- 0.0448   0.0416 +- 0.0016   0.5136 +- 0.0389  255 
17202   0.0427 +- 0.0018   0.3433 +- 0.0424   0.0414 +- 0.0017   0.5089 +- 0.0429  255 
17203   0.0347 +- 0.0017   0.4709 +- 0.0505   0.0401 +- 0.0016   0.4052 +- 0.0392  255 
17205   0.0410 +- 0.0017   0.3442 +- 0.0418   0.0385 +- 0.0015   0.4729 +- 0.0400  255 
17209   0.0321 +- 0.0014   0.4463 +- 0.0463   0.0361 +- 0.0014   0.4741 +- 0.0397  255 
17217   0.0287 +- 0.0044   0.4242 +- 0.1550   0.0363 +- 0.0040   0.5082 +- 0.1180  255 
17218   0.0341 +- 0.0016   0.4302 +- 0.0486   0.0357 +- 0.0015   0.4578 +- 0.0430  255 
