15166   0.4437   0   0.0335
15170   0.3721   0   0.0601
15172   0.4922   0   0.0355
15173   0.3440   0   0.0526
15190   0.4939   0   0.0409
15196   0.5161   0   0.0443
15200   0.6005   0   0.0736
15202   0.5305   0   0.0501
15205   0.4913   0   0.0671
15207   0.4451   0   0.0349
15208   0.4879   0   0.0920
15210   0.4603   0   0.0695
15213   0.4380   0   0.0504
15233   0.4719   0   0.0629
15244   0.4085   0   0.0494
15249   0.7391   0   0.0819
15251   0.5055   0   0.0909
15254   0.5936   0   0.0383
15255   0.4333   0   0.0364
15256   0.2828   0   0.0683
15257   0.5303   0   0.0464
15283   0.5461   0   0.0565
15284   0.5162   0   0.0523
15287   0.5310   0   0.1133
15299   0.3954   0   0.0470
15314   0.5112   0   0.0550
15315   0.4445   0   0.0690
15316   0.4465   0   0.0484
15322   0.5126   0   0.0352
15324   0.4655   0   0.0343
15335   0.5119   0   0.0341
15337   0.5089   0   0.0335
15338   0.5079   0   0.0408
15356   0.5192   0   0.0479
15357   0.4031   0   0.0950
15363   0.4079   0   0.0421
15364   0.5280   0   0.0362
15365   0.4897   0   0.0401
15366   0.4960   0   0.0445
15368   0.5770   0   0.0371
15370   0.4727   0   0.0679
15372   0.5061   0   0.0347
15376   0.4863   0   0.0338
15378   0.5029   0   0.0335
15380   0.5181   0   0.0347
15381   0.4886   0   0.0736
15386   0.4561   0   0.0337
15390   0.4805   0   0.0577
15393   0.3908   0   0.0370
15397   0.5187   0   0.0327
15399   0.4469   0   0.0274
15402   0.4470   0   0.0693
15403   0.3912   0   0.0560
15425   0.4420   0   0.0409
15426   0.5386   0   0.0563
15427   0.5069   0   0.0305
15431   0.4558   0   0.0574
15435   0.4982   0   0.0358
15436   0.4738   0   0.0293
15438   0.5637   0   0.0506
15443   0.5292   0   0.0302
15452   0.5097   0   0.0412
15466   0.3861   0   0.1154
15467   0.3777   0   0.0305
15470   0.4005   0   0.0306
