15166   0.4477   0   0.0341
15170   0.4099   0   0.0558
15172   0.4914   0   0.0390
15173   0.3976   0   0.0497
15190   0.5165   0   0.0402
15196   0.5891   0   0.0487
15200   0.5416   0   0.0782
15202   0.3876   0   0.0530
15205   0.6292   0   0.0654
15207   0.4464   0   0.0417
15208   0.6189   0   0.0948
15210   0.5487   0   0.0749
15213   0.5501   0   0.0497
15233   0.5240   0   0.0551
15244   0.5282   0   0.0489
15249   0.5113   0   0.0720
15251   0.5331   0   0.0936
15254   0.5175   0   0.0366
15255   0.5303   0   0.0335
15256   0.5627   0   0.0489
15257   0.4666   0   0.0434
15283   0.4597   0   0.0560
15284   0.4720   0   0.0401
15287   0.5993   0   0.1013
15299   0.5296   0   0.0409
15314   0.4458   0   0.0461
15315   0.4983   0   0.0615
15316   0.4447   0   0.0442
15322   0.5188   0   0.0398
15324   0.6186   0   0.0449
15335   0.5265   0   0.0293
15337   0.5530   0   0.0358
15338   0.4447   0   0.0403
15356   0.5354   0   0.0372
15357   0.4089   0   0.0834
15363   0.4485   0   0.0361
15364   0.4799   0   0.0390
15365   0.5227   0   0.0381
15366   0.4566   0   0.0511
15368   0.4757   0   0.0384
15370   0.6006   0   0.0744
15372   0.4675   0   0.0427
15376   0.4095   0   0.0373
15378   0.4029   0   0.0394
15380   0.4786   0   0.0393
15381   0.4459   0   0.0768
15386   0.4226   0   0.0319
15390   0.5260   0   0.0556
15393   0.4624   0   0.0315
15397   0.4008   0   0.0325
15399   0.4134   0   0.0319
15402   0.5126   0   0.0678
15403   0.6038   0   0.0563
15425   0.4256   0   0.0430
15426   0.4518   0   0.0599
15427   0.4750   0   0.0327
15431   0.5515   0   0.0563
15435   0.4342   0   0.0365
15436   0.4328   0   0.0301
15438   0.4510   0   0.0499
15443   0.5009   0   0.0311
15452   0.5279   0   0.0387
15466   0.5127   0   0.1090
15467   0.4493   0   0.0256
15470   0.4263   0   0.0289
