16386   0.5910   0   0.0443
16401   0.6489   0   0.0441
16402   0.6781   0   0.0461
16404   0.6385   0   0.0725
16409   0.6213   0   0.0456
16410   0.6200   0   0.0431
16412   0.6666   0   0.0416
16421   0.6822   0   0.0415
16426   0.6542   0   0.0416
16430   0.6573   0   0.0622
16433   0.5828   0   0.0352
16436   0.5854   0   0.0402
16438   0.5079   0   0.0435
16439   0.7316   0   0.0506
16444   0.5455   0   0.0317
16445   0.5808   0   0.0331
16447   0.5782   0   0.0267
16449   0.5886   0   0.0307
16450   0.5948   0   0.0372
16451   0.5919   0   0.0322
16452   0.5397   0   0.0316
16453   0.4973   0   0.0291
16458   0.5099   0   0.0316
16460   0.5811   0   0.0318
16461   0.5540   0   0.0299
16462   0.5481   0   0.0647
16463   0.4545   0   0.0324
16464   0.3231   0   0.0730
16465   0.4605   0   0.0359
16468   0.6678   0   0.0603
16472   0.5304   0   0.0289
16475   0.5389   0   0.0277
16480   0.5686   0   0.0293
16484   0.5994   0   0.0310
16487   0.6387   0   0.0553
16494   0.6527   0   0.0472
16496   0.5606   0   0.0389
16497   0.5485   0   0.0643
16498   0.5481   0   0.0346
16502   0.5385   0   0.0338
16504   0.5103   0   0.0655
16505   0.5333   0   0.0448
16507   0.4598   0   0.0368
16509   0.4513   0   0.0329
16511   0.5605   0   0.0336
16512   0.4756   0   0.0351
16514   0.5732   0   0.0427
16515   0.5107   0   0.0313
16523   0.5322   0   0.0529
16529   0.5253   0   0.0301
16530   0.5479   0   0.0299
16532   0.5643   0   0.0375
16534   0.5302   0   0.0347
16538   0.5240   0   0.0312
16541   0.5754   0   0.0307
16543   0.5926   0   0.0293
