10402     0.0000 +- -1.000     0.0000 +- -1.000     0.0000 +- -1.000     0.1840 +- 0.0660   250
10403     0.0000 +- -1.000     0.0000 +- -1.000     0.0000 +- -1.000     0.5540 +- 0.1210   250
10404     0.0000 +- -1.000     0.0000 +- -1.000     0.0000 +- -1.000     0.2880 +- 0.0570   250
10407     0.0000 +- -1.000     0.0000 +- -1.000     0.0000 +- -1.000     0.1930 +- 0.0390   250
10408     0.0000 +- -1.000     0.0000 +- -1.000     0.0000 +- -1.000     0.3240 +- 0.0910   250
10412     0.0000 +- -1.000     0.0000 +- -1.000     0.0000 +- -1.000     0.3090 +- 0.0350   250
10439     0.0000 +- -1.000     0.4740 +- 0.0420     0.0000 +- -1.000     0.3670 +- 0.0370   250
10449     0.0000 +- -1.000     0.2730 +- 0.0430     0.0000 +- -1.000     0.3400 +- 0.0430   250
10450     0.0000 +- -1.000     0.3820 +- 0.0400     0.0000 +- -1.000     0.3560 +- 0.0460   250
10455     0.0000 +- -1.000     0.3770 +- 0.0390     0.0000 +- -1.000     0.2480 +- 0.0420   250
10456     0.0000 +- -1.000     0.3400 +- 0.0690     0.0000 +- -1.000     0.1570 +- 0.0830   250
10463     0.0000 +- -1.000     0.3310 +- 0.0420     0.0000 +- -1.000     0.3240 +- 0.0420   250
10465     0.0000 +- -1.000     0.4640 +- 0.0490     0.0000 +- -1.000     0.3830 +- 0.0440   250
10471     0.0000 +- -1.000     0.3240 +- 0.0450     0.0000 +- -1.000     0.3700 +- 0.0450   250
10476     0.0000 +- -1.000     0.4250 +- 0.0470     0.0000 +- -1.000     0.3830 +- 0.0450   250
10478     0.0000 +- -1.000     0.4400 +- 0.0640     0.0000 +- -1.000     0.4220 +- 0.0650   250
10482     0.0000 +- -1.000     0.3500 +- 0.0360     0.0000 +- -1.000     0.2870 +- 0.0390   250
10486     0.0000 +- -1.000     0.2290 +- 0.0380     0.0000 +- -1.000     0.2970 +- 0.0390   250
10490     0.0000 +- -1.000     0.3960 +- 0.0420     0.0000 +- -1.000     0.4100 +- 0.0380   250
10494     0.0000 +- -1.000     0.3160 +- 0.0400     0.0000 +- -1.000     0.3070 +- 0.0390   250
10505     0.0000 +- -1.000     0.4080 +- 0.0360     0.0000 +- -1.000     0.3260 +- 0.0310   250
10507     0.0000 +- -1.000     0.4060 +- 0.0440     0.0000 +- -1.000     0.3540 +- 0.0410   250
10508     0.0000 +- -1.000     0.3170 +- 0.0500     0.0000 +- -1.000     0.2620 +- 0.0480   250
10517     0.0000 +- -1.000     0.3840 +- 0.0450     0.0000 +- -1.000     0.3550 +- 0.0440   250
10525     0.0000 +- -1.000     0.3570 +- 0.0410     0.0000 +- -1.000     0.3500 +- 0.0350   250
10526     0.0000 +- -1.000     0.2580 +- 0.0480     0.0000 +- -1.000     0.3620 +- 0.0490   250
10527     0.0000 +- -1.000     0.3430 +- 0.0410     0.0000 +- -1.000     0.3450 +- 0.0400   250
10528     0.0000 +- -1.000     0.3780 +- 0.0670     0.0000 +- -1.000     0.3820 +- 0.0630   250
10531     0.0000 +- -1.000     0.3100 +- 0.0380     0.0000 +- -1.000     0.3250 +- 0.0360   250
10532     0.0000 +- -1.000     0.3000 +- 0.0360     0.0000 +- -1.000     0.3850 +- 0.0380   250
10535     0.0000 +- -1.000     0.3250 +- 0.0370     0.0000 +- -1.000     0.3440 +- 0.0360   250
10536     0.0000 +- -1.000     0.3360 +- 0.0580     0.0000 +- -1.000     0.3730 +- 0.0500   250
10616     0.0000 +- -1.000     0.6340 +- 0.0750     0.0000 +- -1.000     0.5570 +- 0.0630   100
10629     0.0000 +- -1.000     0.4420 +- 0.0850     0.0000 +- -1.000     0.6250 +- 0.0880   100
10637     0.0000 +- -1.000     0.5730 +- 0.0840     0.0000 +- -1.000     0.6400 +- 0.0700   100
10639     0.0000 +- -1.000     0.4770 +- 0.0580     0.0000 +- -1.000     0.4280 +- 0.0490   100
10642     0.0000 +- -1.000     0.6150 +- 0.0710     0.0000 +- -1.000     0.5870 +- 0.0750   100
10646     0.0000 +- -1.000     0.5300 +- 0.0690     0.0000 +- -1.000     0.6670 +- 0.0670   100
10651     0.0000 +- -1.000     0.6240 +- 0.0510     0.0000 +- -1.000     0.5950 +- 0.0540   100
10652     0.0000 +- -1.000     0.6030 +- 0.0440     0.0000 +- -1.000     0.6110 +- 0.0520   100
10654     0.0000 +- -1.000     0.6230 +- 0.0490     0.0000 +- -1.000     0.5930 +- 0.0470   100
10656     0.0000 +- -1.000     0.5290 +- 0.0400     0.0000 +- -1.000     0.4670 +- 0.0380   100
10657     0.0000 +- -1.000     0.6820 +- 0.0650     0.0000 +- -1.000     0.4510 +- 0.0550   100
10659     0.0000 +- -1.000     0.5680 +- 0.0840     0.0000 +- -1.000     0.4630 +- 0.0940   100
10662     0.0000 +- -1.000     0.5440 +- 0.0420     0.0000 +- -1.000     0.5120 +- 0.0400   100
10663     0.0000 +- -1.000     0.4850 +- 0.0410     0.0000 +- -1.000     0.5310 +- 0.0390   100
10668     0.0000 +- -1.000     0.5410 +- 0.0410     0.0000 +- -1.000     0.6150 +- 0.0510   100
10681     0.0000 +- -1.000     0.5840 +- 0.0460     0.0000 +- -1.000     0.4940 +- 0.0530   100
10682     0.0000 +- -1.000     0.6810 +- 0.1260     0.0000 +- -1.000     0.7040 +- 0.1510   100
10683     0.0000 +- -1.000     0.5000 +- 0.0870     0.0000 +- -1.000     0.5530 +- 0.1530   100
10684     0.0000 +- -1.000     0.5920 +- 0.0740     0.0000 +- -1.000     0.6230 +- 0.0970   100
10685     0.0000 +- -1.000     0.5650 +- 0.0420     0.0000 +- -1.000     0.4640 +- 0.0480   100
10688     0.0000 +- -1.000     0.5220 +- 0.0460     0.0000 +- -1.000     0.4750 +- 0.0470   100
10689     0.0000 +- -1.000     0.5680 +- 0.0480     0.0000 +- -1.000     0.5750 +- 0.0460   100
10690     0.0000 +- -1.000     0.3960 +- 0.0390     0.0000 +- -1.000     0.5090 +- 0.0380   100
10693     0.0000 +- -1.000     0.6240 +- 0.0730     0.0000 +- -1.000     0.6860 +- 0.0770   100
10695     0.0000 +- -1.000     0.6080 +- 0.0500     0.0000 +- -1.000     0.4610 +- 0.0670   100
10696     0.0000 +- -1.000     0.5710 +- 0.0480     0.0000 +- -1.000     0.5740 +- 0.0430   100
10700     0.0000 +- -1.000     0.5450 +- 0.0780     0.0000 +- -1.000     0.6360 +- 0.1010   100
10702     0.0000 +- -1.000     0.5300 +- 0.0630     0.0000 +- -1.000     0.4950 +- 0.0820   100
10703     0.0000 +- -1.000     0.6170 +- 0.0860     0.0000 +- -1.000     0.6970 +- 0.1110   100
10704     0.0000 +- -1.000     0.6060 +- 0.0510     0.0000 +- -1.000     0.5530 +- 0.0530   100
10705     0.0000 +- -1.000     0.6750 +- 0.0910     0.0000 +- -1.000     0.5540 +- 0.0830   100
10706     0.0000 +- -1.000     0.5260 +- 0.0470     0.0000 +- -1.000     0.5660 +- 0.0460   100
10711     0.0000 +- -1.000     0.4610 +- 0.0490     0.0000 +- -1.000     0.6250 +- 0.0480   100
10713     0.0000 +- -1.000     0.5940 +- 0.0640     0.0000 +- -1.000     0.5200 +- 0.0500   100
10732     0.0000 +- -1.000     0.4870 +- 0.0450     0.0000 +- -1.000     0.5490 +- 0.0370   100
10746     0.0000 +- -1.000     0.4790 +- 0.0520     0.0000 +- -1.000     0.5090 +- 0.0560   100
10748     0.0000 +- -1.000     0.5880 +- 0.0570     0.0000 +- -1.000     0.6110 +- 0.0530   100
10753     0.0000 +- -1.000     0.5740 +- 0.0590     0.0000 +- -1.000     0.5260 +- 0.0490   100
10754     0.0000 +- -1.000     0.5510 +- 0.0460     0.0000 +- -1.000     0.6130 +- 0.0470   100
10755     0.0000 +- -1.000     0.4590 +- 0.0550     0.0000 +- -1.000     0.6290 +- 0.0620   100
10756     0.0000 +- -1.000     0.5580 +- 0.0560     0.0000 +- -1.000     0.5470 +- 0.0540   100
10758     0.0000 +- -1.000     0.5940 +- 0.0530     0.0000 +- -1.000     0.5800 +- 0.0470   100
10759     0.0000 +- -1.000     0.5110 +- 0.0530     0.0000 +- -1.000     0.6430 +- 0.0520   100
10763     0.0000 +- -1.000     0.5750 +- 0.0460     0.0000 +- -1.000     0.5730 +- 0.0470   100
10764     0.0000 +- -1.000     0.5500 +- 0.0490     0.0000 +- -1.000     0.5540 +- 0.0500   100
10765     0.0000 +- -1.000     0.5160 +- 0.0470     0.0000 +- -1.000     0.4620 +- 0.0590   100
10773     0.0000 +- -1.000     0.4760 +- 0.0550     0.0000 +- -1.000     0.5290 +- 0.0510   100
10777     0.0000 +- -1.000     0.5440 +- 0.0870     0.0000 +- -1.000     0.4360 +- 0.0580   100
10778     0.0000 +- -1.000     0.5630 +- 0.0790     0.0000 +- -1.000     0.5860 +- 0.0740   100
10781     0.0000 +- -1.000     0.7630 +- 0.0720     0.0000 +- -1.000     0.6010 +- 0.0550   100
10782     0.0000 +- -1.000     0.5900 +- 0.0620     0.0000 +- -1.000     0.5790 +- 0.0670   100
10783     0.0000 +- -1.000     0.6470 +- 0.0520     0.0000 +- -1.000     0.5740 +- 0.0430   100
10784     0.0000 +- -1.000     0.6200 +- 0.0490     0.0000 +- -1.000     0.6460 +- 0.0520   100
10785     0.0000 +- -1.000     0.5840 +- 0.0480     0.0000 +- -1.000     0.7350 +- 0.0790   100
10786     0.0000 +- -1.000     0.6110 +- 0.0470     0.0000 +- -1.000     0.5580 +- 0.0440   100
10789     0.0000 +- -1.000     0.5740 +- 0.0510     0.0000 +- -1.000     0.5890 +- 0.0590   100
10790     0.0000 +- -1.000     0.4820 +- 0.0420     0.0000 +- -1.000     0.6070 +- 0.0480   100
10791     0.0000 +- -1.000     0.6360 +- 0.0540     0.0000 +- -1.000     0.7150 +- 0.0720   100
10800     0.0000 +- -1.000     0.5360 +- 0.0500     0.0000 +- -1.000     0.5730 +- 0.0540   100
10806     0.0000 +- -1.000     0.5710 +- 0.0530     0.0000 +- -1.000     0.5750 +- 0.0430   100
10814     0.0000 +- -1.000     0.6000 +- 0.0610     0.0000 +- -1.000     0.6360 +- 0.0680   100
10820     0.0000 +- -1.000     0.5720 +- 0.0600     0.0000 +- -1.000     0.6830 +- 0.0630   100
10825     0.0000 +- -1.000     0.5430 +- 0.0590     0.0000 +- -1.000     0.6050 +- 0.0570   100
10826     0.0000 +- -1.000     0.6430 +- 0.0830     0.0000 +- -1.000     0.5950 +- 0.0570   100
10854     0.0000 +- -1.000     0.6360 +- 0.0660     0.0000 +- -1.000     0.6160 +- 0.0540   100
10855     0.0000 +- -1.000     0.6260 +- 0.0640     0.0000 +- -1.000     0.5440 +- 0.0440   100
10864     0.0000 +- -1.000     0.5420 +- 0.0860     0.0000 +- -1.000     0.5260 +- 0.0590   100
10866     0.0000 +- -1.000     0.6740 +- 0.0740     0.0000 +- -1.000     0.5800 +- 0.0430   100
10869     0.0000 +- -1.000     0.6000 +- 0.0590     0.0000 +- -1.000     0.6850 +- 0.0520   100
10870     0.0000 +- -1.000     0.5330 +- 0.0590     0.0000 +- -1.000     0.6770 +- 0.0530   100
10875     0.0000 +- -1.000     0.6200 +- 0.0660     0.0000 +- -1.000     0.6400 +- 0.0520   100
10876     0.0000 +- -1.000     0.5640 +- 0.0560     0.0000 +- -1.000     0.6080 +- 0.0550   100
10878     0.0000 +- -1.000     0.5330 +- 0.0630     0.0000 +- -1.000     0.5260 +- 0.0500   100
10880     0.0000 +- -1.000     0.5490 +- 0.0760     0.0000 +- -1.000     0.5370 +- 0.0560   100
10881     0.0000 +- -1.000     0.5520 +- 0.0740     0.0000 +- -1.000     0.6400 +- 0.0590   100
10884     0.0000 +- -1.000     0.5370 +- 0.0590     0.0000 +- -1.000     0.6070 +- 0.0490   100
10889     0.0000 +- -1.000     0.5590 +- 0.0510     0.0000 +- -1.000     0.5290 +- 0.0480   100
10890     0.0000 +- -1.000     0.5880 +- 0.0470     0.0000 +- -1.000     0.5450 +- 0.0370   100
10904     0.0000 +- -1.000     0.5200 +- 0.0780     0.0000 +- -1.000     0.5820 +- 0.0710   100
10919     0.0000 +- -1.000     0.5330 +- 0.0930     0.0000 +- -1.000     0.5050 +- 0.0810   100
10920     0.0000 +- -1.000     0.5710 +- 0.0830     0.0000 +- -1.000     0.4780 +- 0.0670   100
10921     0.0000 +- -1.000     0.7110 +- 0.0830     0.0000 +- -1.000     0.5600 +- 0.0650   100
10924     0.0000 +- -1.000     0.5500 +- 0.0540     0.0000 +- -1.000     0.4890 +- 0.0490   100
10925     0.0000 +- -1.000     0.4570 +- 0.0430     0.0000 +- -1.000     0.5620 +- 0.0430   100
10926     0.0000 +- -1.000     0.4780 +- 0.0540     0.0000 +- -1.000     0.5870 +- 0.0420   100
10928     0.0000 +- -1.000     0.5420 +- 0.0530     0.0000 +- -1.000     0.5650 +- 0.0470   100
10932     0.0000 +- -1.000     0.5940 +- 0.0780     0.0000 +- -1.000     0.4780 +- 0.0540   100
10935     0.0000 +- -1.000     0.4890 +- 0.0560     0.0000 +- -1.000     0.5850 +- 0.0470   100
10937     0.0000 +- -1.000     0.4720 +- 0.0520     0.0000 +- -1.000     0.5130 +- 0.0420   100
10951     0.0000 +- -1.000     0.5180 +- 0.0560     0.0000 +- -1.000     0.6350 +- 0.0500   100
10952     0.0000 +- -1.000     0.5700 +- 0.0570     0.0000 +- -1.000     0.6170 +- 0.0510   100
10953     0.0000 +- -1.000     0.4980 +- 0.0530     0.0000 +- -1.000     0.5460 +- 0.0500   100
10954     0.0000 +- -1.000     0.5570 +- 0.0570     0.0000 +- -1.000     0.4500 +- 0.0450   100
10955     0.0000 +- -1.000     0.5240 +- 0.0460     0.0000 +- -1.000     0.4790 +- 0.0380   100
10959     0.0000 +- -1.000     0.5920 +- 0.0660     0.0000 +- -1.000     0.5780 +- 0.0510   100
10960     0.0000 +- -1.000     0.4740 +- 0.0530     0.0000 +- -1.000     0.5040 +- 0.0490   100
10961     0.0000 +- -1.000     0.4870 +- 0.0530     0.0000 +- -1.000     0.5840 +- 0.0540   100
10962     0.0000 +- -1.000     0.5050 +- 0.0540     0.0000 +- -1.000     0.5190 +- 0.0550   100
10964     0.0000 +- -1.000     0.5180 +- 0.0690     0.0000 +- -1.000     0.6740 +- 0.0620   100
10968     0.0000 +- -1.000     0.4060 +- 0.0590     0.0000 +- -1.000     0.6180 +- 0.0580   100
10969     0.0000 +- -1.000     0.5450 +- 0.0570     0.0000 +- -1.000     0.4830 +- 0.0480   100
10970     0.0000 +- -1.000     0.5150 +- 0.0620     0.0000 +- -1.000     0.5180 +- 0.0470   100
10971     0.0000 +- -1.000     0.5390 +- 0.0630     0.0000 +- -1.000     0.5490 +- 0.0460   100
10972     0.0000 +- -1.000     0.4540 +- 0.0560     0.0000 +- -1.000     0.5650 +- 0.0510   100
10973     0.0000 +- -1.000     0.4170 +- 0.0490     0.0000 +- -1.000     0.4960 +- 0.0420   100
10986     0.0000 +- -1.000     0.5580 +- 0.0620     0.0000 +- -1.000     0.6080 +- 0.0500   100
10987     0.0000 +- -1.000     0.5410 +- 0.0710     0.0000 +- -1.000     0.6340 +- 0.0620   100
10998     0.0000 +- -1.000     0.4590 +- 0.0750     0.0000 +- -1.000     0.4710 +- 0.0620   100
11001     0.0000 +- -1.000     0.6340 +- 0.0870     0.0000 +- -1.000     0.5630 +- 0.0630   100
11002     0.0000 +- -1.000     0.5130 +- 0.0530     0.0000 +- -1.000     0.5330 +- 0.0460   100
11003     0.0000 +- -1.000     0.5210 +- 0.0530     0.0000 +- -1.000     0.5400 +- 0.0490   100
11004     0.0000 +- -1.000     0.4600 +- 0.0550     0.0000 +- -1.000     0.5110 +- 0.0430   100
11005     0.0000 +- -1.000     0.5350 +- 0.0610     0.0000 +- -1.000     0.4370 +- 0.0460   100
11006     0.0000 +- -1.000     0.5000 +- 0.0590     0.0000 +- -1.000     0.4420 +- 0.0600   100
11020     0.0000 +- -1.000     0.6540 +- 0.0600     0.0000 +- -1.000     0.6720 +- 0.0630   100
11026     0.0000 +- -1.000     0.6090 +- 0.0670     0.0000 +- -1.000     0.5500 +- 0.0560   100
11030     0.0000 +- -1.000     0.6170 +- 0.0820     0.0000 +- -1.000     0.6720 +- 0.0720   100
15166     0.0446 +- 0.0015     0.4477 +- 0.0341     0.0439 +- 0.0015     0.4437 +- 0.0335   250
15170     0.0429 +- 0.0025     0.4099 +- 0.0558     0.0442 +- 0.0027     0.3721 +- 0.0601   250
15172     0.0453 +- 0.0017     0.4914 +- 0.0390     0.0432 +- 0.0016     0.4922 +- 0.0355   250
15173     0.0442 +- 0.0022     0.3976 +- 0.0497     0.0447 +- 0.0024     0.3440 +- 0.0526   250
15190     0.0479 +- 0.0018     0.5165 +- 0.0402     0.0442 +- 0.0019     0.4939 +- 0.0409   250
15196     0.0450 +- 0.0022     0.5891 +- 0.0487     0.0423 +- 0.0020     0.5161 +- 0.0443   250
15200     0.0478 +- 0.0035     0.5416 +- 0.0782     0.0461 +- 0.0033     0.6005 +- 0.0736   250
15202     0.0469 +- 0.0024     0.3876 +- 0.0530     0.0441 +- 0.0023     0.5305 +- 0.0501   250
15205     0.0506 +- 0.0029     0.6292 +- 0.0654     0.0491 +- 0.0030     0.4913 +- 0.0671   250
15207     0.0426 +- 0.0019     0.4464 +- 0.0417     0.0448 +- 0.0016     0.4451 +- 0.0349   250
15208     0.0449 +- 0.0042     0.6189 +- 0.0948     0.0347 +- 0.0042     0.4879 +- 0.0920   250
15210     0.0443 +- 0.0034     0.5487 +- 0.0749     0.0431 +- 0.0032     0.4603 +- 0.0695   250
15213     0.0405 +- 0.0022     0.5501 +- 0.0497     0.0447 +- 0.0023     0.4380 +- 0.0504   250
15233     0.0455 +- 0.0025     0.5240 +- 0.0551     0.0458 +- 0.0028     0.4719 +- 0.0629   250
15244     0.0434 +- 0.0022     0.5282 +- 0.0489     0.0428 +- 0.0022     0.4085 +- 0.0494   250
15249     0.0414 +- 0.0032     0.5113 +- 0.0720     0.0412 +- 0.0037     0.7391 +- 0.0819   250
15251     0.0431 +- 0.0045     0.5331 +- 0.0936     0.0456 +- 0.0044     0.5055 +- 0.0909   250
15254     0.0462 +- 0.0016     0.5175 +- 0.0366     0.0436 +- 0.0017     0.5936 +- 0.0383   250
15255     0.0442 +- 0.0015     0.5303 +- 0.0335     0.0420 +- 0.0016     0.4333 +- 0.0364   250
15256     0.0443 +- 0.0022     0.5627 +- 0.0489     0.0411 +- 0.0031     0.2828 +- 0.0683   250
15257     0.0466 +- 0.0019     0.4666 +- 0.0434     0.0442 +- 0.0021     0.5303 +- 0.0464   250
15283     0.0440 +- 0.0025     0.4597 +- 0.0560     0.0460 +- 0.0026     0.5461 +- 0.0565   250
15284     0.0423 +- 0.0018     0.4720 +- 0.0401     0.0413 +- 0.0024     0.5162 +- 0.0523   250
15287     0.0508 +- 0.0045     0.5993 +- 0.1013     0.0424 +- 0.0051     0.5310 +- 0.1133   250
15299     0.0446 +- 0.0018     0.5296 +- 0.0409     0.0442 +- 0.0021     0.3954 +- 0.0470   250
15314     0.0421 +- 0.0021     0.4458 +- 0.0461     0.0431 +- 0.0025     0.5112 +- 0.0550   250
15315     0.0416 +- 0.0028     0.4983 +- 0.0615     0.0365 +- 0.0031     0.4445 +- 0.0690   250
15316     0.0377 +- 0.0020     0.4447 +- 0.0442     0.0407 +- 0.0023     0.4465 +- 0.0484   250
15322     0.0425 +- 0.0018     0.5188 +- 0.0398     0.0457 +- 0.0016     0.5126 +- 0.0352   250
15324     0.0405 +- 0.0020     0.6186 +- 0.0449     0.0412 +- 0.0016     0.4655 +- 0.0343   250
15335     0.0451 +- 0.0013     0.5265 +- 0.0293     0.0423 +- 0.0015     0.5119 +- 0.0341   250
15337     0.0411 +- 0.0016     0.5530 +- 0.0358     0.0455 +- 0.0015     0.5089 +- 0.0335   250
15338     0.0409 +- 0.0018     0.4447 +- 0.0403     0.0419 +- 0.0019     0.5079 +- 0.0408   250
15356     0.0452 +- 0.0017     0.5354 +- 0.0372     0.0433 +- 0.0022     0.5192 +- 0.0479   250
15357     0.0462 +- 0.0037     0.4089 +- 0.0834     0.0469 +- 0.0043     0.4031 +- 0.0950   250
15363     0.0409 +- 0.0016     0.4485 +- 0.0361     0.0434 +- 0.0019     0.4079 +- 0.0421   250
15364     0.0395 +- 0.0018     0.4799 +- 0.0390     0.0433 +- 0.0016     0.5280 +- 0.0362   250
15365     0.0441 +- 0.0017     0.5227 +- 0.0381     0.0424 +- 0.0018     0.4897 +- 0.0401   250
15366     0.0445 +- 0.0023     0.4566 +- 0.0511     0.0466 +- 0.0020     0.4960 +- 0.0445   250
15368     0.0430 +- 0.0017     0.4757 +- 0.0384     0.0420 +- 0.0017     0.5770 +- 0.0371   250
15370     0.0449 +- 0.0034     0.6006 +- 0.0744     0.0442 +- 0.0031     0.4727 +- 0.0679   250
15372     0.0408 +- 0.0019     0.4675 +- 0.0427     0.0455 +- 0.0016     0.5061 +- 0.0347   250
15376     0.0461 +- 0.0017     0.4095 +- 0.0373     0.0430 +- 0.0015     0.4863 +- 0.0338   250
15378     0.0457 +- 0.0018     0.4029 +- 0.0394     0.0441 +- 0.0015     0.5029 +- 0.0335   250
15380     0.0450 +- 0.0018     0.4786 +- 0.0393     0.0429 +- 0.0016     0.5181 +- 0.0347   250
15381     0.0413 +- 0.0034     0.4459 +- 0.0768     0.0434 +- 0.0033     0.4886 +- 0.0736   250
15386     0.0407 +- 0.0014     0.4226 +- 0.0319     0.0433 +- 0.0015     0.4561 +- 0.0337   250
15390     0.0459 +- 0.0024     0.5260 +- 0.0556     0.0465 +- 0.0026     0.4805 +- 0.0577   250
15393     0.0461 +- 0.0014     0.4624 +- 0.0315     0.0404 +- 0.0017     0.3908 +- 0.0370   250
15397     0.0441 +- 0.0014     0.4008 +- 0.0325     0.0443 +- 0.0015     0.5187 +- 0.0327   250
15399     0.0418 +- 0.0014     0.4134 +- 0.0319     0.0437 +- 0.0012     0.4469 +- 0.0274   250
15402     0.0449 +- 0.0030     0.5126 +- 0.0678     0.0425 +- 0.0031     0.4470 +- 0.0693   250
15403     0.0413 +- 0.0025     0.6038 +- 0.0563     0.0392 +- 0.0025     0.3912 +- 0.0560   250
15425     0.0429 +- 0.0019     0.4256 +- 0.0430     0.0387 +- 0.0019     0.4420 +- 0.0409   250
15426     0.0391 +- 0.0027     0.4518 +- 0.0599     0.0417 +- 0.0025     0.5386 +- 0.0563   250
15427     0.0426 +- 0.0015     0.4750 +- 0.0327     0.0432 +- 0.0014     0.5069 +- 0.0305   250
15431     0.0452 +- 0.0025     0.5515 +- 0.0563     0.0451 +- 0.0026     0.4558 +- 0.0574   250
15435     0.0454 +- 0.0016     0.4342 +- 0.0365     0.0459 +- 0.0016     0.4982 +- 0.0358   250
15436     0.0429 +- 0.0013     0.4328 +- 0.0301     0.0452 +- 0.0013     0.4738 +- 0.0293   250
15438     0.0435 +- 0.0022     0.4510 +- 0.0499     0.0455 +- 0.0023     0.5637 +- 0.0506   250
15443     0.0457 +- 0.0014     0.5009 +- 0.0311     0.0448 +- 0.0014     0.5292 +- 0.0302   250
15452     0.0430 +- 0.0018     0.5279 +- 0.0387     0.0458 +- 0.0019     0.5097 +- 0.0412   250
15466     0.0484 +- 0.0049     0.5127 +- 0.1090     0.0374 +- 0.0053     0.3861 +- 0.1154   250
15467     0.0443 +- 0.0011     0.4493 +- 0.0256     0.0434 +- 0.0014     0.3777 +- 0.0305   250
15470     0.0437 +- 0.0013     0.4263 +- 0.0289     0.0444 +- 0.0014     0.4005 +- 0.0306   250
16386     0.0427 +- 0.0019     0.5910 +- 0.0443     0.0417 +- 0.0019     0.4546 +- 0.0432   100
16401     0.0442 +- 0.0019     0.6489 +- 0.0441     0.0414 +- 0.0019     0.6113 +- 0.0436   100
16402     0.0436 +- 0.0020     0.6781 +- 0.0461     0.0450 +- 0.0018     0.5700 +- 0.0419   100
16404     0.0377 +- 0.0031     0.6385 +- 0.0725     0.0437 +- 0.0029     0.7451 +- 0.0663   100
16409     0.0424 +- 0.0020     0.6213 +- 0.0456     0.0375 +- 0.0018     0.6645 +- 0.0425   100
16410     0.0415 +- 0.0019     0.6200 +- 0.0431     0.0410 +- 0.0019     0.7043 +- 0.0419   100
16412     0.0414 +- 0.0018     0.6666 +- 0.0416     0.0393 +- 0.0017     0.6780 +- 0.0389   100
16421     0.0472 +- 0.0018     0.6822 +- 0.0415     0.0431 +- 0.0017     0.4933 +- 0.0395   100
16426     0.0445 +- 0.0018     0.6542 +- 0.0416     0.0458 +- 0.0017     0.6341 +- 0.0386   100
16430     0.0481 +- 0.0027     0.6573 +- 0.0622     0.0421 +- 0.0025     0.5592 +- 0.0583   100
16433     0.0391 +- 0.0015     0.5828 +- 0.0352     0.0427 +- 0.0015     0.6196 +- 0.0340   100
16436     0.0440 +- 0.0017     0.5854 +- 0.0402     0.0406 +- 0.0017     0.6406 +- 0.0387   100
16438     0.0441 +- 0.0019     0.5079 +- 0.0435     0.0462 +- 0.0019     0.7226 +- 0.0436   100
16439     0.0476 +- 0.0022     0.7316 +- 0.0506     0.0459 +- 0.0022     0.6954 +- 0.0510   100
16444     0.0445 +- 0.0014     0.5455 +- 0.0317     0.0448 +- 0.0012     0.5938 +- 0.0285   100
16445     0.0467 +- 0.0014     0.5808 +- 0.0331     0.0441 +- 0.0014     0.6110 +- 0.0320   100
16447     0.0417 +- 0.0011     0.5782 +- 0.0267     0.0447 +- 0.0011     0.6117 +- 0.0265   100
16449     0.0450 +- 0.0013     0.5886 +- 0.0307     0.0417 +- 0.0013     0.6182 +- 0.0312   100
16450     0.0435 +- 0.0016     0.5948 +- 0.0372     0.0411 +- 0.0014     0.6520 +- 0.0331   100
16451     0.0464 +- 0.0014     0.5919 +- 0.0322     0.0402 +- 0.0012     0.6683 +- 0.0291   100
16452     0.0453 +- 0.0014     0.5397 +- 0.0316     0.0399 +- 0.0014     0.6509 +- 0.0325   100
16453     0.0434 +- 0.0012     0.4973 +- 0.0291     0.0419 +- 0.0013     0.5533 +- 0.0312   100
16458     0.0432 +- 0.0014     0.5099 +- 0.0316     0.0454 +- 0.0014     0.6170 +- 0.0322   100
16460     0.0455 +- 0.0014     0.5811 +- 0.0318     0.0410 +- 0.0015     0.5648 +- 0.0347   100
16461     0.0444 +- 0.0013     0.5540 +- 0.0299     0.0418 +- 0.0013     0.5099 +- 0.0312   100
16462     0.0443 +- 0.0028     0.5481 +- 0.0647     0.0369 +- 0.0031     0.6777 +- 0.0714   100
16463     0.0432 +- 0.0014     0.4545 +- 0.0324     0.0457 +- 0.0014     0.5683 +- 0.0324   100
16464     0.0476 +- 0.0031     0.3231 +- 0.0730     0.0413 +- 0.0026     0.7406 +- 0.0599   100
16465     0.0467 +- 0.0015     0.4605 +- 0.0359     0.0406 +- 0.0016     0.6030 +- 0.0379   100
16468     0.0467 +- 0.0027     0.6678 +- 0.0603     0.0389 +- 0.0025     0.6612 +- 0.0564   100
16472     0.0433 +- 0.0012     0.5304 +- 0.0289     0.0438 +- 0.0012     0.6362 +- 0.0283   100
16475     0.0431 +- 0.0012     0.5389 +- 0.0277     0.0407 +- 0.0012     0.6736 +- 0.0272   100
16480     0.0432 +- 0.0012     0.5686 +- 0.0293     0.0444 +- 0.0012     0.6182 +- 0.0277   100
16484     0.0433 +- 0.0013     0.5994 +- 0.0310     0.0449 +- 0.0013     0.5904 +- 0.0298   100
16487     0.0445 +- 0.0024     0.6387 +- 0.0553     0.0441 +- 0.0022     0.5469 +- 0.0522   100
16494     0.0455 +- 0.0020     0.6527 +- 0.0472     0.0456 +- 0.0019     0.6396 +- 0.0442   100
16496     0.0457 +- 0.0017     0.5606 +- 0.0389     0.0426 +- 0.0015     0.5836 +- 0.0353   100
16497     0.0362 +- 0.0028     0.5485 +- 0.0643     0.0431 +- 0.0026     0.7028 +- 0.0596   100
16498     0.0428 +- 0.0015     0.5481 +- 0.0346     0.0430 +- 0.0014     0.5769 +- 0.0319   100
16502     0.0421 +- 0.0014     0.5385 +- 0.0338     0.0431 +- 0.0013     0.6554 +- 0.0312   100
16504     0.0357 +- 0.0028     0.5103 +- 0.0655     0.0428 +- 0.0025     0.6681 +- 0.0576   100
16505     0.0426 +- 0.0019     0.5333 +- 0.0448     0.0439 +- 0.0017     0.6283 +- 0.0405   100
16507     0.0394 +- 0.0016     0.4598 +- 0.0368     0.0463 +- 0.0013     0.7067 +- 0.0297   100
16509     0.0446 +- 0.0014     0.4513 +- 0.0329     0.0457 +- 0.0012     0.6410 +- 0.0282   100
16511     0.0434 +- 0.0014     0.5605 +- 0.0336     0.0440 +- 0.0012     0.6321 +- 0.0283   100
16512     0.0453 +- 0.0015     0.4756 +- 0.0351     0.0417 +- 0.0012     0.5603 +- 0.0270   100
16514     0.0469 +- 0.0018     0.5732 +- 0.0427     0.0429 +- 0.0016     0.6238 +- 0.0373   100
16515     0.0000 +- -0.000     0.5107 +- 0.0313     0.0000 +- -0.000     0.5517 +- 0.0285   100
16523     0.0000 +- -0.000     0.5322 +- 0.0529     0.0000 +- -0.000     0.5605 +- 0.0475   100
16529     0.0449 +- 0.0013     0.5253 +- 0.0301     0.0414 +- 0.0012     0.5498 +- 0.0279   100
16530     0.0416 +- 0.0013     0.5479 +- 0.0299     0.0462 +- 0.0012     0.5679 +- 0.0274   100
16532     0.0417 +- 0.0016     0.5643 +- 0.0375     0.0449 +- 0.0015     0.6557 +- 0.0351   100
16534     0.0413 +- 0.0015     0.5302 +- 0.0347     0.0442 +- 0.0014     0.5581 +- 0.0321   100
16538     0.0455 +- 0.0013     0.5240 +- 0.0312     0.0430 +- 0.0012     0.6203 +- 0.0289   100
16541     0.0450 +- 0.0013     0.5754 +- 0.0307     0.0415 +- 0.0012     0.6207 +- 0.0283   100
16543     0.0423 +- 0.0013     0.5926 +- 0.0293     0.0435 +- 0.0012     0.5883 +- 0.0276   100
16567     0.0536 +- 0.0069     0.5953 +- 0.1589     0.0516 +- 0.0069     0.3815 +- 0.1563   255
16570     0.0458 +- 0.0016     0.5144 +- 0.0364     0.0429 +- 0.0014     0.6204 +- 0.0320   255
16578     0.0450 +- 0.0032     0.6932 +- 0.0729     0.0435 +- 0.0029     0.6113 +- 0.0660   255
16582     0.0435 +- 0.0016     0.4745 +- 0.0377     0.0422 +- 0.0014     0.4825 +- 0.0326   255
16586     0.0445 +- 0.0015     0.4696 +- 0.0350     0.0442 +- 0.0014     0.4988 +- 0.0311   255
16587     0.0457 +- 0.0013     0.3942 +- 0.0290     0.0431 +- 0.0012     0.4716 +- 0.0278   255
16592     0.0447 +- 0.0016     0.4879 +- 0.0366     0.0436 +- 0.0015     0.4786 +- 0.0349   255
16593     0.0434 +- 0.0022     0.4669 +- 0.0497     0.0426 +- 0.0022     0.4850 +- 0.0500   255
16594     0.0472 +- 0.0013     0.4365 +- 0.0306     0.0428 +- 0.0013     0.4808 +- 0.0291   255
16597     0.0435 +- 0.0022     0.3966 +- 0.0513     0.0471 +- 0.0022     0.5135 +- 0.0491   255
16618     0.0415 +- 0.0014     0.3263 +- 0.0331     0.0444 +- 0.0014     0.5097 +- 0.0319   255
16619     0.0418 +- 0.0014     0.6246 +- 0.0322     0.0414 +- 0.0013     0.5494 +- 0.0308   255
16622     0.0406 +- 0.0014     0.5604 +- 0.0326     0.0449 +- 0.0014     0.5511 +- 0.0324   255
16625     0.0457 +- 0.0012     0.5667 +- 0.0276     0.0455 +- 0.0012     0.4859 +- 0.0277   255
16626     0.0462 +- 0.0014     0.5767 +- 0.0317     0.0434 +- 0.0014     0.4860 +- 0.0310   255
16627     0.0412 +- 0.0025     0.6115 +- 0.0313     0.0429 +- 0.0024     0.4938 +- 0.0295   255
16632     0.0450 +- 0.0013     0.6302 +- 0.0305     0.0450 +- 0.0013     0.5652 +- 0.0303   255
16633     0.0438 +- 0.0015     0.5637 +- 0.0356     0.0437 +- 0.0015     0.5733 +- 0.0353   255
16643     0.0414 +- 0.0018     0.5790 +- 0.0416     0.0430 +- 0.0018     0.6387 +- 0.0423   255
16650     0.0441 +- 0.0013     0.6035 +- 0.0299     0.0432 +- 0.0013     0.4593 +- 0.0299   255
16655     0.0440 +- 0.0013     0.5622 +- 0.0302     0.0444 +- 0.0014     0.4894 +- 0.0326   255
16656     0.0464 +- 0.0013     0.5566 +- 0.0296     0.0420 +- 0.0012     0.5481 +- 0.0285   255
16662     0.0459 +- 0.0013     0.5213 +- 0.0306     0.0441 +- 0.0012     0.4648 +- 0.0278   255
16665     0.0433 +- 0.0014     0.5872 +- 0.0329     0.0424 +- 0.0014     0.4773 +- 0.0326   255
16667     0.0450 +- 0.0013     0.6073 +- 0.0305     0.0439 +- 0.0013     0.5805 +- 0.0289   255
16668     0.0465 +- 0.0013     0.5667 +- 0.0300     0.0421 +- 0.0012     0.4873 +- 0.0274   255
16669     0.0420 +- 0.0016     0.4601 +- 0.0372     0.0404 +- 0.0015     0.4019 +- 0.0337   255
16671     0.0428 +- 0.0012     0.4753 +- 0.0273     0.0454 +- 0.0011     0.4742 +- 0.0260   255
16678     0.0436 +- 0.0016     0.5299 +- 0.0368     0.0410 +- 0.0015     0.5100 +- 0.0334   255
16685     0.0452 +- 0.0014     0.5615 +- 0.0326     0.0441 +- 0.0013     0.5381 +- 0.0307   255
16686     0.0444 +- 0.0016     0.5195 +- 0.0381     0.0438 +- 0.0016     0.4481 +- 0.0362   255
16690     0.0449 +- 0.0014     0.5064 +- 0.0320     0.0421 +- 0.0014     0.5502 +- 0.0326   255
16691     0.0422 +- 0.0013     0.5848 +- 0.0310     0.0427 +- 0.0013     0.5081 +- 0.0305   255
16693     0.0459 +- 0.0013     0.5362 +- 0.0292     0.0455 +- 0.0013     0.4909 +- 0.0289   255
16697     0.0429 +- 0.0013     0.6312 +- 0.0305     0.0434 +- 0.0013     0.5081 +- 0.0291   255
16698     0.0467 +- 0.0013     0.5444 +- 0.0303     0.0454 +- 0.0013     0.4712 +- 0.0297   255
16699     0.0464 +- 0.0013     0.5652 +- 0.0312     0.0444 +- 0.0013     0.4909 +- 0.0291   255
16701     0.0443 +- 0.0021     0.6395 +- 0.0480     0.0445 +- 0.0020     0.4790 +- 0.0459   255
16704     0.0420 +- 0.0016     0.5186 +- 0.0363     0.0424 +- 0.0016     0.4741 +- 0.0360   255
16710     0.0442 +- 0.0015     0.5114 +- 0.0353     0.0426 +- 0.0014     0.4632 +- 0.0331   255
16716     0.0407 +- 0.0017     0.4652 +- 0.0387     0.0444 +- 0.0016     0.4390 +- 0.0369   255
16720     0.0409 +- 0.0013     0.4609 +- 0.0299     0.0424 +- 0.0012     0.4728 +- 0.0279   255
16722     0.0441 +- 0.0013     0.4911 +- 0.0305     0.0426 +- 0.0012     0.5148 +- 0.0279   255
16724     0.0453 +- 0.0014     0.5036 +- 0.0324     0.0416 +- 0.0013     0.5325 +- 0.0300   255
16725     0.0455 +- 0.0020     0.5283 +- 0.0467     0.0439 +- 0.0018     0.4691 +- 0.0418   255
16726     0.0438 +- 0.0013     0.5542 +- 0.0291     0.0408 +- 0.0011     0.4794 +- 0.0262   255
16727     0.0424 +- 0.0018     0.5522 +- 0.0424     0.0430 +- 0.0017     0.5119 +- 0.0383   255
16730     0.0418 +- 0.0019     0.5364 +- 0.0447     0.0436 +- 0.0018     0.5142 +- 0.0417   255
16735     0.0421 +- 0.0014     0.5533 +- 0.0316     0.0432 +- 0.0014     0.5121 +- 0.0315   255
17156     0.0292 +- 0.0061     0.5556 +- 0.1543     0.0407 +- 0.0051     0.5104 +- 0.0872   255
17163     0.0270 +- 0.0055     0.5666 +- 0.1590     0.0384 +- 0.0048     0.5046 +- 0.0906   255
17169     0.0418 +- 0.0026     0.3688 +- 0.0608     0.0400 +- 0.0021     0.5022 +- 0.0544   255
17171     0.0507 +- 0.0040     0.2741 +- 0.0741     0.0353 +- 0.0037     0.4845 +- 0.1089   255
17175     0.0383 +- 0.0019     0.4054 +- 0.0493     0.0391 +- 0.0017     0.5348 +- 0.0448   255
17178     0.0401 +- 0.0024     0.3501 +- 0.0570     0.0416 +- 0.0022     0.4580 +- 0.0541   255
17186     0.0424 +- 0.0020     0.3447 +- 0.0463     0.0405 +- 0.0018     0.4786 +- 0.0444   255
17201     0.0393 +- 0.0017     0.4170 +- 0.0448     0.0416 +- 0.0016     0.5136 +- 0.0389   255
17202     0.0427 +- 0.0018     0.3433 +- 0.0424     0.0414 +- 0.0017     0.5089 +- 0.0429   255
17203     0.0347 +- 0.0017     0.4709 +- 0.0505     0.0401 +- 0.0016     0.4052 +- 0.0392   255
17205     0.0410 +- 0.0017     0.3442 +- 0.0418     0.0385 +- 0.0015     0.4729 +- 0.0400   255
17209     0.0321 +- 0.0014     0.4463 +- 0.0463     0.0361 +- 0.0014     0.4741 +- 0.0397   255
17217     0.0287 +- 0.0044     0.4242 +- 0.1550     0.0363 +- 0.0040     0.5082 +- 0.1180   255
17218     0.0341 +- 0.0016     0.4302 +- 0.0486     0.0357 +- 0.0015     0.4578 +- 0.0430   255
17222     0.0346 +- 0.0015     0.4684 +- 0.0459     0.0370 +- 0.0015     0.4558 +- 0.0413   255
17223     0.0338 +- 0.0023     0.4352 +- 0.0701     0.0382 +- 0.0021     0.4600 +- 0.0578   255
17232     0.0343 +- 0.0015     0.2706 +- 0.0423     0.0372 +- 0.0014     0.3909 +- 0.0376   255
17236     0.0347 +- 0.0018     0.3363 +- 0.0524     0.0354 +- 0.0017     0.4531 +- 0.0481   255
17237     0.0354 +- 0.0019     0.4005 +- 0.0536     0.0368 +- 0.0017     0.5089 +- 0.0474   255
17238     0.0322 +- 0.0018     0.3814 +- 0.0565     0.0348 +- 0.0016     0.6490 +- 0.0532   255
17239     0.0333 +- 0.0026     0.3756 +- 0.0779     0.0378 +- 0.0024     0.4565 +- 0.0660   255
17240     0.0361 +- 0.0017     0.3757 +- 0.0475     0.0367 +- 0.0017     0.5558 +- 0.0497   255
17241     0.0323 +- 0.0017     0.6202 +- 0.0601     0.0332 +- 0.0016     0.4690 +- 0.0511   255
17244     0.0309 +- 0.0019     0.6153 +- 0.0683     0.0350 +- 0.0018     0.5766 +- 0.0558   255
17247     0.0362 +- 0.0018     0.4800 +- 0.0529     0.0360 +- 0.0018     0.5308 +- 0.0526   255
17248     0.0386 +- 0.0022     0.4757 +- 0.0590     0.0330 +- 0.0021     0.4456 +- 0.0666   255
17273     0.0369 +- 0.0017     0.5037 +- 0.0478     0.0418 +- 0.0016     0.4454 +- 0.0386   255
17276     0.0343 +- 0.0025     0.5202 +- 0.0755     0.0414 +- 0.0022     0.4746 +- 0.0549   255
17281     0.0418 +- 0.0016     0.4823 +- 0.0401     0.0421 +- 0.0015     0.4728 +- 0.0367   255
17283     0.0373 +- 0.0043     0.4166 +- 0.1153     0.0427 +- 0.0040     0.5100 +- 0.0987   255
17284     0.0401 +- 0.0016     0.4142 +- 0.0399     0.0399 +- 0.0015     0.4679 +- 0.0385   255
17293     0.0404 +- 0.0015     0.4584 +- 0.0386     0.0390 +- 0.0014     0.5092 +- 0.0385   255
17297     0.0387 +- 0.0019     0.5042 +- 0.0500     0.0430 +- 0.0017     0.4390 +- 0.0409   255
17301     0.0350 +- 0.0041     0.3262 +- 0.1136     0.0425 +- 0.0040     0.5625 +- 0.1000   255
17302     0.0410 +- 0.0014     0.4007 +- 0.0341     0.0402 +- 0.0012     0.4817 +- 0.0317   255
17304     0.0425 +- 0.0014     0.4497 +- 0.0338     0.0404 +- 0.0013     0.4793 +- 0.0325   255
17306     0.0375 +- 0.0015     0.5358 +- 0.0427     0.0407 +- 0.0014     0.4725 +- 0.0343   255
17308     0.0419 +- 0.0014     0.4784 +- 0.0349     0.0418 +- 0.0013     0.4779 +- 0.0327   255
17311     0.0391 +- 0.0027     0.5948 +- 0.0749     0.0400 +- 0.0025     0.4591 +- 0.0644   255
17315     0.0405 +- 0.0016     0.4586 +- 0.0402     0.0403 +- 0.0014     0.5542 +- 0.0381   255
17317     0.0421 +- 0.0018     0.5023 +- 0.0455     0.0399 +- 0.0016     0.4582 +- 0.0419   255
17318     0.0396 +- 0.0011     0.4313 +- 0.0290     0.0388 +- 0.0012     0.4537 +- 0.0311   255
17322     0.0413 +- 0.0019     0.4435 +- 0.0463     0.0433 +- 0.0018     0.4020 +- 0.0417   255
17328     0.0398 +- 0.0024     0.5993 +- 0.0647     0.0401 +- 0.0025     0.3675 +- 0.0613   255
17329     0.0381 +- 0.0017     0.5264 +- 0.0468     0.0375 +- 0.0017     0.4556 +- 0.0443   255
17331     0.0412 +- 0.0022     0.6019 +- 0.0572     0.0413 +- 0.0022     0.2892 +- 0.0503   255
17333     0.0410 +- 0.0015     0.4661 +- 0.0356     0.0401 +- 0.0014     0.4247 +- 0.0333   255
17338     0.0416 +- 0.0013     0.3891 +- 0.0320     0.0390 +- 0.0012     0.4725 +- 0.0318   255
17340     0.0410 +- 0.0013     0.4564 +- 0.0324     0.0392 +- 0.0012     0.4565 +- 0.0317   255
17341     0.0397 +- 0.0014     0.4482 +- 0.0369     0.0390 +- 0.0011     0.3554 +- 0.0288   255
17345     0.0399 +- 0.0014     0.5003 +- 0.0352     0.0421 +- 0.0012     0.3761 +- 0.0291   255
17346     0.0401 +- 0.0030     0.5587 +- 0.0789     0.0417 +- 0.0029     0.4502 +- 0.0692   255
17352     0.0380 +- 0.0017     0.5314 +- 0.0453     0.0423 +- 0.0016     0.4363 +- 0.0373   255
17359     0.0399 +- 0.0013     0.4989 +- 0.0334     0.0410 +- 0.0012     0.4201 +- 0.0305   255
17367     0.0425 +- 0.0013     0.4967 +- 0.0312     0.0388 +- 0.0012     0.4384 +- 0.0319   255
17370     0.0388 +- 0.0013     0.5714 +- 0.0362     0.0404 +- 0.0013     0.3997 +- 0.0318   255
17379     0.0409 +- 0.0016     0.5065 +- 0.0417     0.0413 +- 0.0015     0.4604 +- 0.0384   255
17384     0.0381 +- 0.0013     0.5577 +- 0.0357     0.0374 +- 0.0012     0.4984 +- 0.0334   255
17389     0.0384 +- 0.0022     0.5329 +- 0.0595     0.0349 +- 0.0020     0.4524 +- 0.0585   255
17391     0.0395 +- 0.0012     0.5032 +- 0.0326     0.0402 +- 0.0012     0.4347 +- 0.0298   255
17396     0.0403 +- 0.0012     0.5759 +- 0.0328     0.0383 +- 0.0012     0.4779 +- 0.0321   255
17399     0.0407 +- 0.0013     0.6145 +- 0.0343     0.0400 +- 0.0014     0.4087 +- 0.0339   255
17402     0.0397 +- 0.0014     0.5869 +- 0.0386     0.0394 +- 0.0017     0.4059 +- 0.0439   255
17403     0.0428 +- 0.0026     0.4876 +- 0.0638     0.0395 +- 0.0027     0.4837 +- 0.0696   255
17406     0.0426 +- 0.0013     0.5529 +- 0.0333     0.0396 +- 0.0013     0.4982 +- 0.0336   255
17407     0.0394 +- 0.0012     0.5763 +- 0.0337     0.0392 +- 0.0012     0.4560 +- 0.0322   255
17408     0.0380 +- 0.0013     0.5910 +- 0.0368     0.0392 +- 0.0012     0.5449 +- 0.0337   255
17409     0.0392 +- 0.0028     0.6869 +- 0.0832     0.0404 +- 0.0027     0.4320 +- 0.0663   255
17410     0.0396 +- 0.0013     0.6087 +- 0.0355     0.0387 +- 0.0013     0.4990 +- 0.0348   255
17414     0.0393 +- 0.0011     0.5709 +- 0.0291     0.0390 +- 0.0010     0.5060 +- 0.0275   255
17415     0.0395 +- 0.0013     0.6093 +- 0.0351     0.0409 +- 0.0012     0.5128 +- 0.0312   255
17416     0.0377 +- 0.0012     0.6223 +- 0.0356     0.0374 +- 0.0012     0.6285 +- 0.0361   255
17417     0.0387 +- 0.0011     0.5930 +- 0.0311     0.0409 +- 0.0011     0.5790 +- 0.0293   255
17423     0.0378 +- 0.0017     0.6706 +- 0.0494     0.0374 +- 0.0017     0.6009 +- 0.0484   255
17426     0.0405 +- 0.0011     0.5376 +- 0.0293     0.0393 +- 0.0011     0.5762 +- 0.0303   255
17427     0.0410 +- 0.0014     0.5388 +- 0.0374     0.0395 +- 0.0013     0.5897 +- 0.0371   255
17429     0.0407 +- 0.0011     0.5905 +- 0.0296     0.0393 +- 0.0011     0.5592 +- 0.0304   255
17430     0.0387 +- 0.0014     0.5572 +- 0.0386     0.0401 +- 0.0013     0.5732 +- 0.0360   255
17431     0.0380 +- 0.0011     0.5955 +- 0.0310     0.0409 +- 0.0011     0.5497 +- 0.0279   255
17433     0.0405 +- 0.0011     0.5471 +- 0.0291     0.0384 +- 0.0011     0.5679 +- 0.0304   255
17434     0.0414 +- 0.0012     0.5599 +- 0.0306     0.0387 +- 0.0012     0.6056 +- 0.0331   255
17436     0.0396 +- 0.0013     0.5484 +- 0.0346     0.0380 +- 0.0012     0.5856 +- 0.0349   255
17439     0.0367 +- 0.0021     0.5953 +- 0.0614     0.0365 +- 0.0020     0.6393 +- 0.0610   255
17440     0.0393 +- 0.0012     0.5906 +- 0.0333     0.0394 +- 0.0013     0.5126 +- 0.0338   255
17443     0.0387 +- 0.0010     0.5938 +- 0.0277     0.0403 +- 0.0010     0.5310 +- 0.0251   255
17447     0.0404 +- 0.0013     0.5669 +- 0.0340     0.0398 +- 0.0013     0.5822 +- 0.0349   255
17451     0.0377 +- 0.0011     0.6385 +- 0.0340     0.0387 +- 0.0012     0.5580 +- 0.0321   255
17452     0.0399 +- 0.0012     0.5592 +- 0.0335     0.0409 +- 0.0012     0.4898 +- 0.0308   255
17453     0.0400 +- 0.0021     0.5447 +- 0.0562     0.0395 +- 0.0019     0.5824 +- 0.0529   255
17454     0.0386 +- 0.0014     0.5946 +- 0.0399     0.0376 +- 0.0014     0.5435 +- 0.0393   255
17455     0.0403 +- 0.0013     0.6323 +- 0.0370     0.0408 +- 0.0014     0.3941 +- 0.0331   255
17461     0.0427 +- 0.0024     0.5026 +- 0.0595     0.0432 +- 0.0024     0.4590 +- 0.0580   255
17466     0.0411 +- 0.0012     0.6074 +- 0.0334     0.0388 +- 0.0012     0.5337 +- 0.0335   255
17467     0.0381 +- 0.0012     0.5927 +- 0.0357     0.0414 +- 0.0012     0.4829 +- 0.0311   255
17470     0.0398 +- 0.0016     0.5943 +- 0.0452     0.0401 +- 0.0017     0.4796 +- 0.0427   255
17472     0.0363 +- 0.0018     0.7456 +- 0.0586     0.0390 +- 0.0017     0.5620 +- 0.0474   255
17473     0.0390 +- 0.0015     0.5468 +- 0.0419     0.0376 +- 0.0015     0.5623 +- 0.0432   255
17484     0.0406 +- 0.0015     0.4662 +- 0.0391     0.0404 +- 0.0014     0.5136 +- 0.0359   255
17485     0.0387 +- 0.0013     0.5641 +- 0.0359     0.0393 +- 0.0012     0.5042 +- 0.0310   255
17486     0.0393 +- 0.0014     0.4768 +- 0.0357     0.0378 +- 0.0013     0.5458 +- 0.0371   255
17488     0.0396 +- 0.0014     0.5619 +- 0.0387     0.0438 +- 0.0013     0.4224 +- 0.0309   255
17491     0.0401 +- 0.0012     0.4377 +- 0.0306     0.0399 +- 0.0011     0.4297 +- 0.0287   255
17492     0.0405 +- 0.0021     0.4506 +- 0.0527     0.0356 +- 0.0020     0.5753 +- 0.0607   255
17494     0.0375 +- 0.0010     0.4597 +- 0.0283     0.0408 +- 0.0010     0.4572 +- 0.0250   255
17495     0.0398 +- 0.0012     0.4566 +- 0.0300     0.0385 +- 0.0011     0.4457 +- 0.0297   255
17499     0.0397 +- 0.0012     0.4383 +- 0.0298     0.0404 +- 0.0011     0.4815 +- 0.0285   255
17500     0.0400 +- 0.0013     0.5378 +- 0.0339     0.0388 +- 0.0012     0.5264 +- 0.0331   255
17502     0.0387 +- 0.0016     0.5157 +- 0.0439     0.0388 +- 0.0016     0.5589 +- 0.0439   255
17503     0.0402 +- 0.0019     0.5617 +- 0.0498     0.0397 +- 0.0018     0.5227 +- 0.0490   255
17512     0.0398 +- 0.0015     0.5665 +- 0.0402     0.0392 +- 0.0015     0.5820 +- 0.0399   255
17513     0.0408 +- 0.0015     0.5800 +- 0.0403     0.0399 +- 0.0015     0.5478 +- 0.0392   255
17514     0.0390 +- 0.0013     0.5278 +- 0.0352     0.0396 +- 0.0012     0.4900 +- 0.0326   255
17515     0.0410 +- 0.0016     0.4524 +- 0.0393     0.0410 +- 0.0016     0.5463 +- 0.0414   255
17517     0.0406 +- 0.0019     0.5866 +- 0.0495     0.0381 +- 0.0018     0.6538 +- 0.0526   255
17518     0.0370 +- 0.0018     0.5101 +- 0.0495     0.0413 +- 0.0016     0.5041 +- 0.0414   255
17519     0.0401 +- 0.0012     0.5729 +- 0.0335     0.0410 +- 0.0012     0.5317 +- 0.0308   255
17520     0.0409 +- 0.0011     0.5277 +- 0.0294     0.0415 +- 0.0011     0.4643 +- 0.0279   255
17521     0.0406 +- 0.0015     0.5820 +- 0.0398     0.0426 +- 0.0015     0.5307 +- 0.0364   255
17524     0.0407 +- 0.0018     0.5103 +- 0.0456     0.0408 +- 0.0017     0.4784 +- 0.0438   255
17526     0.0383 +- 0.0011     0.5707 +- 0.0322     0.0395 +- 0.0011     0.4964 +- 0.0287   255
17527     0.0386 +- 0.0014     0.5919 +- 0.0388     0.0409 +- 0.0013     0.5066 +- 0.0341   255
17529     0.0387 +- 0.0012     0.5662 +- 0.0336     0.0403 +- 0.0012     0.4696 +- 0.0304   255
17530     0.0407 +- 0.0014     0.5502 +- 0.0360     0.0400 +- 0.0013     0.5196 +- 0.0350   255
17533     0.0441 +- 0.0014     0.4878 +- 0.0320     0.0387 +- 0.0013     0.4680 +- 0.0345   255
17534     0.0414 +- 0.0011     0.5083 +- 0.0280     0.0391 +- 0.0011     0.5796 +- 0.0301   255
17538     0.0389 +- 0.0014     0.5631 +- 0.0381     0.0402 +- 0.0013     0.5191 +- 0.0347   255
17543     0.0436 +- 0.0029     0.5251 +- 0.0705     0.0396 +- 0.0027     0.6697 +- 0.0773   255
17544     0.0395 +- 0.0012     0.5923 +- 0.0336     0.0386 +- 0.0012     0.5695 +- 0.0329   255
17545     0.0400 +- 0.0012     0.5717 +- 0.0335     0.0401 +- 0.0012     0.5990 +- 0.0337   255
17548     0.0406 +- 0.0015     0.5463 +- 0.0408     0.0384 +- 0.0015     0.5902 +- 0.0418   255
17550     0.0400 +- 0.0014     0.5312 +- 0.0364     0.0413 +- 0.0013     0.4753 +- 0.0337   255
17553     0.0412 +- 0.0012     0.4927 +- 0.0311     0.0401 +- 0.0012     0.5009 +- 0.0307   255
17554     0.0396 +- 0.0011     0.4939 +- 0.0301     0.0392 +- 0.0011     0.4780 +- 0.0284   255
17555     0.0377 +- 0.0012     0.6454 +- 0.0364     0.0389 +- 0.0012     0.5294 +- 0.0320   255
17556     0.0387 +- 0.0012     0.6144 +- 0.0346     0.0405 +- 0.0012     0.4919 +- 0.0298   255
17558     0.0390 +- 0.0012     0.5535 +- 0.0326     0.0384 +- 0.0012     0.5412 +- 0.0321   255
17560     0.0411 +- 0.0014     0.5999 +- 0.0368     0.0399 +- 0.0013     0.5420 +- 0.0355   255
17561     0.0405 +- 0.0015     0.5496 +- 0.0406     0.0431 +- 0.0015     0.5065 +- 0.0365   255
17568     0.0410 +- 0.0012     0.5520 +- 0.0315     0.0389 +- 0.0012     0.5773 +- 0.0323   255
17570     0.0420 +- 0.0012     0.5325 +- 0.0308     0.0424 +- 0.0011     0.5025 +- 0.0284   255
17571     0.0382 +- 0.0012     0.5668 +- 0.0353     0.0407 +- 0.0012     0.5004 +- 0.0311   255
17572     0.0391 +- 0.0012     0.5972 +- 0.0344     0.0420 +- 0.0012     0.4574 +- 0.0288   255
17573     0.0399 +- 0.0012     0.5412 +- 0.0321     0.0430 +- 0.0011     0.4849 +- 0.0277   255
17576     0.0403 +- 0.0012     0.5306 +- 0.0326     0.0422 +- 0.0011     0.4737 +- 0.0281   255
17579     0.0404 +- 0.0012     0.5472 +- 0.0315     0.0404 +- 0.0011     0.4994 +- 0.0291   255
17580     0.0410 +- 0.0013     0.4779 +- 0.0330     0.0391 +- 0.0012     0.5440 +- 0.0332   255
17581     0.0417 +- 0.0012     0.5013 +- 0.0290     0.0376 +- 0.0011     0.5082 +- 0.0318   255
17583     0.0379 +- 0.0012     0.6280 +- 0.0361     0.0403 +- 0.0012     0.5120 +- 0.0313   255
17586     0.0406 +- 0.0009     0.5455 +- 0.0244     0.0393 +- 0.0009     0.5140 +- 0.0241   255
17587     0.0413 +- 0.0016     0.5837 +- 0.0429     0.0397 +- 0.0016     0.5569 +- 0.0420   255
17593     0.0407 +- 0.0011     0.5495 +- 0.0292     0.0406 +- 0.0011     0.5566 +- 0.0279   255
17594     0.0398 +- 0.0013     0.5889 +- 0.0356     0.0428 +- 0.0012     0.4789 +- 0.0297   255
17596     0.0392 +- 0.0029     0.5638 +- 0.0789     0.0376 +- 0.0027     0.5306 +- 0.0773   255
