16386   0.5910   0   0.0443
16401   0.6489   0   0.0441
16402   0.6781   0   0.0461
16404   0.6385   0   0.0725
16409   0.6213   0   0.0456
16410   0.6200   0   0.0431
16412   0.6666   0   0.0416
16421   0.6822   0   0.0415
16426   0.6542   0   0.0416
16430   0.6573   0   0.0622
16433   0.5828   0   0.0352
16436   0.5854   0   0.0402
16438   0.5079   0   0.0435
16439   0.7316   0   0.0506
16444   0.5455   0   0.0317
16445   0.5808   0   0.0331
16447   0.5782   0   0.0267
16449   0.5886   0   0.0307
16450   0.5948   0   0.0372
16451   0.5919   0   0.0322
16452   0.5397   0   0.0316
16453   0.4973   0   0.0291
16458   0.5099   0   0.0316
16460   0.5811   0   0.0318
16461   0.5540   0   0.0299
16462   0.5481   0   0.0647
16463   0.4545   0   0.0324
16464   0.3231   0   0.0730
16465   0.4605   0   0.0359
16468   0.6678   0   0.0603
16472   0.5304   0   0.0289
16475   0.5389   0   0.0277
16480   0.5686   0   0.0293
16484   0.5994   0   0.0310
16487   0.6387   0   0.0553
16494   0.6527   0   0.0472
16496   0.5606   0   0.0389
16497   0.5485   0   0.0643
16498   0.5481   0   0.0346
16502   0.5385   0   0.0338
16504   0.5103   0   0.0655
16505   0.5333   0   0.0448
16507   0.4598   0   0.0368
16509   0.4513   0   0.0329
16511   0.5605   0   0.0336
16512   0.4756   0   0.0351
16514   0.5732   0   0.0427
16515   0.5107   0   0.0313
16523   0.5322   0   0.0529
16529   0.5253   0   0.0301
16530   0.5479   0   0.0299
16532   0.5643   0   0.0375
16534   0.5302   0   0.0347
16538   0.5240   0   0.0312
16541   0.5754   0   0.0307
16543   0.5926   0   0.0293
16567   0.5953   0   0.1589
16570   0.5144   0   0.0364
16578   0.6932   0   0.0729
16582   0.4745   0   0.0377
16586   0.4696   0   0.0350
16587   0.3942   0   0.0290
16592   0.4879   0   0.0366
16593   0.4669   0   0.0497
16594   0.4365   0   0.0306
16597   0.3966   0   0.0513
16618   0.3263   0   0.0331
16619   0.6246   0   0.0322
16622   0.5604   0   0.0326
16625   0.5667   0   0.0276
16626   0.5767   0   0.0317
16627   0.6115   0   0.0313
16632   0.6302   0   0.0305
16633   0.5637   0   0.0356
16643   0.5790   0   0.0416
16650   0.6035   0   0.0299
16655   0.5622   0   0.0302
16656   0.5566   0   0.0296
16662   0.5213   0   0.0306
16665   0.5872   0   0.0329
16667   0.6073   0   0.0305
16668   0.5667   0   0.0300
16669   0.4601   0   0.0372
16671   0.4753   0   0.0273
16678   0.5299   0   0.0368
16685   0.5615   0   0.0326
16686   0.5195   0   0.0381
16690   0.5064   0   0.0320
16691   0.5848   0   0.0310
16693   0.5362   0   0.0292
16697   0.6312   0   0.0305
16698   0.5444   0   0.0303
16699   0.5652   0   0.0312
16701   0.6395   0   0.0480
16704   0.5186   0   0.0363
16710   0.5114   0   0.0353
16716   0.4652   0   0.0387
16720   0.4609   0   0.0299
16722   0.4911   0   0.0305
16724   0.5036   0   0.0324
16725   0.5283   0   0.0467
16726   0.5542   0   0.0291
