18647	0.0371  0.0024	0.4946  0.0732	0.0362  0.0021	0.7338  0.0735 100	
18658	0.0376  0.0017	0.5923  0.0522	0.0394  0.0015	0.6893  0.0470 100	
18661	0.0410  0.0012	0.5439  0.0348	0.0389  0.0013	0.5383  0.0381 100	
18662	0.0366  0.0022	0.6097  0.0724	0.0354  0.0022	0.7540  0.0798 100
18663	0.0353  0.0017	0.7116  0.0617	0.0363  0.0018	0.6886  0.0603 100	
18664	0.0322  0.0022	0.7282  0.0859	0.0417  0.0023	0.6646  0.0679 100	
18666	0.0402  0.0019	0.6064  0.0550	0.0354  0.0019	0.6773  0.0672 100	
18667	0.0386  0.0012	0.6090  0.0372	0.0372  0.0012	0.6226  0.0395 100	
18669	0.0396  0.0014	0.6159  0.0413	0.0369  0.0014	0.6389  0.0454 100	
18672	0.0391  0.0021	0.5085  0.0614	0.0315  0.0019	0.6994  0.0743 100
18673	0.0402  0.0014	0.5909  0.0420	0.0375  0.0015	0.6721  0.0478 100	
18674	0.0396  0.0020	0.5269  0.0574	0.0382  0.0019	0.5768  0.0598 100
18675	0.0393  0.0014	0.6587  0.0435	0.0385  0.0015	0.6089  0.0456 100	
18676	0.0375  0.0013	0.5618  0.0400	0.0397  0.0013	0.5502  0.0377 100	
18677	0.0367  0.0011	0.6241  0.0370	0.0358  0.0012	0.6254  0.0400 100	
18678	0.0346  0.0040	0.6184  0.1373	0.0433  0.0039	0.5072  0.1036 100
18683	0.0395  0.0012	0.5753  0.0372	0.0341  0.0013	0.6595  0.0475 100	
18684	0.0382  0.0013	0.5829  0.0402	0.0348  0.0014	0.5902  0.0469 100	
18686	0.0372  0.0036	0.4486  0.1068	0.0373  0.0037	0.6201  0.1178 100
18692	0.0414  0.0013	0.5778  0.0382	0.0381  0.0013	0.5825  0.0417 100	
18694	0.0389  0.0011	0.5777  0.0328	0.0398  0.0011	0.5423  0.0316 100	
18696	0.0412  0.0025	0.6253  0.0736	0.0439  0.0023	0.6332  0.0622 100	
18697	0.0398  0.0012	0.6367  0.0367	0.0406  0.0012	0.5631  0.0348 100	
18698	0.0410  0.0012	0.5710  0.0345	0.0389  0.0012	0.5889  0.0369 100	
18701	0.0380  0.0012	0.5856  0.0368	0.0378  0.0012	0.5899  0.0364 100	
18702	0.0389  0.0011	0.6230  0.0353	0.0384  0.0011	0.6281  0.0357 100	
18706	0.0414  0.0013	0.6578  0.0412	0.0367  0.0012	0.5907  0.0369 100	
18707	0.0381  0.0012	0.5919  0.0409	0.0377  0.0012	0.6590  0.0411 100
18709	0.0392  0.0012	0.6041  0.0377	0.0379  0.0012	0.6161  0.0390 100	
18710	0.0393  0.0017	0.5771  0.0503	0.0359  0.0015	0.6470  0.0502 100
18715	0.0358  0.0012	0.6288  0.0406	0.0370  0.0013	0.6971  0.0423 100	
18717	0.0398  0.0021	0.6545  0.0630	0.0410  0.0020	0.6018  0.0573 100	
18718	0.0388  0.0020	0.6059  0.0623	0.0398  0.0020	0.6235  0.0602 100
18719	0.0381  0.0013	0.5937  0.0392	0.0362  0.0011	0.6095  0.0378 100	
18721	0.0363  0.0013	0.6227  0.0415	0.0378  0.0012	0.6467  0.0393 100
18723	0.0414  0.012	0.5180  0.0339	0.0389  0.0012	0.4822  0.0351 100	
18726	0.0393  0.012	0.5671  0.0360	0.0348  0.0012	0.5737  0.0393 100
18727	0.0366  0.0012	0.5838  0.0385	0.0393  0.0012	0.4874  0.0335 100	
18728	0.0403  0.0016	0.5203  0.0446	0.0374  0.0014	0.5944  0.0445 100	
18729	0.0387  0.0015	0.5338  0.0433	0.0383  0.0014	0.6156  0.0437 100	
18731	0.0387  0.0013	0.5097  0.0383	0.0377  0.0012	0.6163  0.0397 100
18732	0.0380  0.0014	0.6522  0.0443	0.0387  0.0013	0.6340  0.0394 100
18737	0.0419  0.0018	0.4877  0.0487	0.0433  0.0017	0.5799  0.0453 100
18740   0.0395  0.0016	0.5109  0.0451	0.0354  0.0015	0.6683  0.0522 100
18741	0.0429  0.0016	0.5568  0.0439	0.0385  0.0016	0.6558  0.0506 100
18749	0.0386  0.0010	0.5717  0.0316	0.0395  0.0010	0.5472  0.0298 100
18750	0.0392  0.0022	0.5969  0.0663	0.0409  0.0022	0.4713  0.0593 100
18751	0.0421  0.0013	0.5137  0.0346	0.0402  0.0012	0.5926  0.0360 100
18752	0.0399  0.0014	0.5996  0.0418	0.0377  0.0014	0.6377  0.0448 100
18753	0.0417  0.0012	0.5596  0.0348	0.0388  0.0012	0.6176  0.0380 100
18754	0.0415  0.0012	0.5309  0.0342	0.0391  0.0012	0.5562  0.0357 100
18758	0.0401  0.0015	0.6140  0.0448	0.0377  0.0015	0.6119  0.0465 100
18760	0.0387  0.0012	0.6024  0.0377	0.0371  0.0012	0.6698  0.0401 100
18761	0.0411  0.0010	0.6123  0.0297	0.0404  0.0010	0.5708  0.0290 100
18763	0.0395  0.0012	0.5850  0.0360	0.0382  0.0012	0.6244  0.0379 100
18764	0.0401  0.0012	0.5160  0.0345	0.0385  0.0012	0.5775  0.0370 100
18765	0.0382  0.0014	0.5805  0.0429	0.0379  0.0014	0.6833  0.0460 100
18766	0.0361  0.0023	0.6611  0.0774	0.0353  0.0022	0.7249  0.0791 100
18772	0.0402  0.0012	0.5163  0.0342	0.0401  0.0012	0.5875  0.0340 100
18776	0.0369  0.0012	0.5704  0.0378	0.0390  0.0012	0.5876  0.0362 100
18777	0.0399  0.0012	0.5312  0.0344	0.0369  0.0012	0.6376  0.0385 100
18778	0.0384  0.0013	0.5551  0.0405	0.0397  0.0014	0.5336  0.0406 100
18779	0.0388  0.0011	0.5751  0.0327	0.0399  0.0011	0.5849  0.0315 100
18780	0.0413  0.0011	0.5514  0.0303	0.0387  0.0011	0.6251  0.0332 100
18785	0.0392  0.0013	0.6235  0.0407	0.0393  0.0013	0.5855  0.0405 100
18786	0.0387  0.0042	0.5199  0.1239	0.0414  0.0040	0.5508  0.1117 100
18787	0.0386  0.0012	0.5250  0.0362	0.0371  0.0012	0.6221  0.0385 100
18788	0.0402  0.0011	0.5674  0.0316	0.0371  0.0011	0.5992  0.0342 100
18789	0.0397  0.0010	0.5519  0.0299	0.0389  0.0010	0.5054  0.0299 100	
18790	0.0400  0.0019	0.5631  0.0570	0.0377  0.0020	0.4669  0.0600 100
18792	0.0387  0.0009	0.5325  0.0264	0.0405  0.0009	0.5761  0.0253 100
18793	0.0404  0.0013	0.5046  0.0356	0.0385  0.0012	0.5850  0.0368 100
18794	0.0396  0.0021	0.6559  0.0650	0.0365  0.0021	0.6514  0.0691 100
18795	0.0389  0.0011	0.5969  0.0324	0.0357  0.0011	0.6117  0.0360 100
18796	0.0405  0.0011	0.5789  0.0310	0.0395  0.0011	0.5742  0.0321 100
18797	0.0409  0.0012	0.5742  0.0353	0.0410  0.0012	0.5620  0.0352 100
18798	0.0349  0.0029	0.6740  0.1020	0.0378  0.0029	0.6251  0.0926 100	
18800	0.0406  0.0011	0.5334  0.0307	0.0365  0.0011	0.6200  0.0363 100
18801	0.0390  0.0010	0.5605  0.0313	0.0395  0.0011	0.6108  0.0319 100	
18803	0.0379  0.0011	0.5754  0.0334	0.0401  0.0010	0.5585  0.0297 100	
18804	0.0390  0.0011	0.5971  0.0325	0.0395  0.0010	0.5431  0.0304 100
18805	0.0402  0.0013	0.4734  0.0351	0.0364  0.0012	0.5789  0.0400 100
18807	0.0388  0.0010	0.5470  0.0311	0.0389  0.0010	0.5249  0.0300 100
18815	0.0366  0.0016	0.5564  0.0503	0.0364  0.0015	0.6329  0.0504 100
18816	0.0338  0.0010	0.6090  0.0370	0.0341  0.0010	0.6661  0.0354 100
18818	0.0392  0.0001	0.4843  0.0372	0.0383  0.0001	0.5989  0.0365 100
18819	0.0392  0.0001	0.5331  0.0242	0.0383  0.0001	0.5829  0.0247 100
18820	0.0392  0.0001	0.5469  0.0230	0.0383  0.0001	0.5465  0.0232 100
18828	0.0392  0.0001	0.4917  0.0454	0.0383  0.0001	0.4128  0.0469 100
18829	0.0392  0.0001	0.5319  0.0272	0.0383  0.0001	0.5566  0.0270 100
18837	0.0392  0.0001	0.5425  0.0284	0.0383  0.0001	0.5425  0.0278 100
18838	0.0392  0.0001	0.5516  0.0269	0.0383  0.0001	0.5891  0.0269 100
18843	0.0392  0.0001	0.5976  0.0272	0.0383  0.0001	0.5764  0.0272 100
18846	0.0392  0.0001	0.5944  0.0260	0.0383  0.0001	0.5783  0.0258 100
18847	0.0392  0.0001	0.5840  0.0273	0.0383  0.0001	0.6356  0.0273 100
18848	0.0392  0.0001	0.5658  0.0740	0.0383  0.0001	0.7018  0.0735 100
18853	0.0392  0.0001	0.5651  0.0365	0.0383  0.0001	0.5479  0.0355 100	
18854	0.0392  0.0001	0.6019  0.0341	0.0383  0.0001	0.5665  0.0328 100	
18855	0.0392  0.0001	0.5387  0.0277	0.0383  0.0001	0.5178  0.0266 100	
18856	0.0392  0.0001	0.5323  0.0291	0.0383  0.0001	0.5791  0.0289 100	
18857	0.0392  0.0001	0.5517  0.0331	0.0383  0.0001	0.6624  0.0336 100
18865	0.0392  0.0001	0.4836  0.0335	0.0383  0.0001	0.6623  0.0315 100	
18868	0.0392  0.0001	0.5226  0.0271	0.0383  0.0001	0.6117  0.0271 100	
18875	0.0392  0.0001	0.5570  0.0322	0.0383  0.0001	0.5897  0.0310 100
18876	0.0392  0.0001	0.5113  0.0274	0.0383  0.0001	0.6015  0.0265 100	
18877	0.0392  0.0001	0.5404  0.0271	0.0383  0.0001	0.5716  0.0260 100
18878	0.0392  0.0001	0.5127  0.0246	0.0383  0.0001	0.6106  0.0238 100 
18882	0.0392  0.0001	0.5036  0.0221	0.0383  0.0001	0.5586  0.0211 100
18883	0.0392  0.0001	0.4907  0.0260	0.0383  0.0001	0.5585  0.0260 100	
18884	0.0392  0.0001	0.4248  0.0259	0.0383  0.0001	0.5536  0.0229 100	
18892	0.0392  0.0001	0.4997  0.0283	0.0383  0.0001	0.5742  0.0278 100	
18893	0.0392  0.0001	0.6141  0.0391	0.0383  0.0001	0.6521  0.0382 100
18894	0.0392  0.0001	0.4607  0.0230	0.0383  0.0001	0.5158  0.0238 100
18895	0.0392  0.0001	0.4846  0.0255	0.0383  0.0001	0.5793  0.0266 100
18897	0.0392  0.0001	0.5248  0.0268	0.0383  0.0001	0.6280  0.0271 100	
18898	0.0392  0.0001	0.5269  0.0255	0.0383  0.0001	0.5960  0.0258 100
18900	0.0392  0.0001	0.5497  0.0265	0.0383  0.0001	0.5576  0.0265 100	
18901	0.0392  0.0001	0.5594  0.0256	0.0383  0.0001	0.5780  0.0259 100
18903	0.0392  0.0001	0.5594  0.0256	0.0383  0.0001	0.5780  0.0259 100	
18904	0.0392  0.0001	0.4344  0.0326	0.0383  0.0001	0.5475  0.0329 100
18905	0.0392  0.0001	0.5033  0.0263	0.0383  0.0001	0.6120  0.0268 100
18906	0.0392  0.0001	0.4388  0.0258	0.0383  0.0001	0.4838  0.0264 100	
18907	0.0392  0.0001	0.5054  0.0450	0.0383  0.0001	0.6007  0.0462 100
18908	0.0392  0.0001	0.4942  0.0276	0.0383  0.0001	0.5373  0.0280 100
18909	0.0392  0.0001	0.4433  0.0300	0.0383  0.0001	0.4932  0.0310 100
18914	0.0392  0.0001	0.5083  0.0257	0.0383  0.0001	0.5296  0.0261 100	
18915	0.0392  0.0001	0.4010  0.0241	0.0383  0.0001	0.5335  0.0252 100	
18916	0.0392  0.0001	0.4740  0.0335	0.0383  0.0001	0.5004  0.0343 100
18917	0.0392  0.0001	0.4212  0.0269	0.0383  0.0001	0.4761  0.0275 100	
18920	0.0392  0.0001	0.3935  0.0266	0.0383  0.0001	0.5590  0.0263 100	
18921	0.0392  0.0001	0.5014  0.0293	0.0383  0.0001	0.5177  0.0300 100
18922	0.0392  0.0001	0.4955  0.0252	0.0383  0.0001	0.5801  0.0254 100	
18923	0.0392  0.0001	0.4343  0.0245	0.0383  0.0001	0.5372  0.0251 100
18924	0.0392  0.0001	0.4360  0.0252	0.0383  0.0001	0.5809  0.0258 100
18925	0.0392  0.0001	0.5467  0.0250	0.0383  0.0001	0.5393  0.0255 100	
18926	0.0392  0.0001	0.4645  0.0250	0.0383  0.0001	0.5564  0.0259 100
18928	0.0371  0.0013	0.565   0.037	0.0390  0.0013	0.532   0.035  100
18930	0.0381  0.0010	0.458   0.027	0.0375  0.0010	0.540   0.029  100
18931	0.0392  0.0001	0.4467  0.0268	0.0383  0.0001	0.5151  0.0278 100
18941	0.0392  0.0001	0.4780  0.1011	0.0383  0.0001	0.5500  0.1065 100
18942	0.0392  0.0001	0.5046  0.0256	0.0383  0.0001	0.5524  0.0263 100
18943	0.0392  0.0001	0.4774  0.0257	0.0383  0.0001	0.5474  0.0263 100
18944	0.0392  0.0001	0.4992  0.0257	0.0383  0.0001	0.5802  0.0265 100
18946	0.0384  0.0016	0.5366  0.0471	0.0351  0.0016	0.6692  0.0550 100
18948	0.0366  0.0012	0.5228  0.0363	0.0356  0.0011	0.5916  0.0376 100
18949	0.0394  0.0011	0.4388  0.0308	0.0340  0.0011	0.5093  0.0369 100
18950	0.0384  0.0010	0.474   0.029	0.0384  0.0011	0.525   0.030  100
18951	0.0360  0.0011	0.449   0.031	0.0407  0.0011	0.465   0.029  100
18952	0.0381  0.0010	0.481   0.028	0.0359  0.0011	0.553   0.032  100
18953	0.0392  0.0011	0.498   0.030	0.0362  0.0012	0.586   0.036  100
19020	0.0366  0.0015	0.6630  0.0490  0.0     0.0     0.0     0.0    104	
19024	0.0353  0.0014	0.7067  0.0496	0.0     0.0     0.0     0.0    104
19026	0.0375  0.0027	0.5896  0.0857	0.0     0.0     0.0     0.0    104	
19028	0.0349  0.0015	0.6335  0.0531	0.0     0.0     0.0     0.0    104
19029	0.0318  0.0015	0.7968  0.0615  0.0     0.0     0.0     0.0    104
19032	0.0343  0.0016	0.6384  0.0557	0.0     0.0     0.0     0.0    104	
19033	0.0358  0.0017	0.6036  0.0560	0.0     0.0     0.0     0.0    104
19035	0.0343  0.0015	0.6746  0.053   0.0     0.0     0.0     0.0    104
19037	0.0211  0.0015	0.6374  0.0789	0.0     0.0     0.0     0.0    104
19038	0.0229  0.0024	0.4566  0.1087  0.0     0.0     0.0     0.0    104	
19039	0.0314  0.0015	0.6641  0.0595  0.0     0.0     0.0     0.0    104	
19040	0.0317  0.0014	0.6075  0.0541	0.0     0.0     0.0     0.0    104
19041	0.0323  0.0014	0.6007  0.0522  0.0     0.0     0.0     0.0    104
19043	0.0320  0.0015	0.5748  0.0543  0.0     0.0     0.0     0.0    104	
19049	0.0352  0.0014	0.5805  0.0477  0.0     0.0     0.0     0.0    104	
19050	0.0337  0.0015	0.5337  0.0512	0.0     0.0     0.0     0.0    104	
19052	0.0354  0.0014	0.6007  0.0471	0.0     0.0     0.0     0.0    104	
19053	0.0341  0.0019	0.5533  0.0656	0.0     0.0     0.0     0.0    104
19055	0.0325  0.0015	0.5367  0.0516	0.0     0.0     0.0     0.0    104	
19057	0.0351  0.0015	0.6568  0.0531	0.0     0.0     0.0     0.0    104
19059	0.0356  0.0013	0.5136  0.0410	0.0     0.0     0.0     0.0    104
19060	0.0372  0.0012	0.5670  0.0386	0.0     0.0     0.0     0.0    104
19065	0.0341  0.0015	0.5155  0.0511	0.0     0.0     0.0     0.0    104	
19066	0.0351  0.0013	0.5524  0.0417	0.0     0.0     0.0     0.0    104
19068	0.0344  0.0013	0.6159  0.0444	0.0     0.0     0.0     0.0    104	
19069	0.0343  0.0015	0.5350  0.0522	0.0     0.0     0.0     0.0    104	
19070	0.0351  0.0014	0.5904  0.0460	0.0     0.0     0.0     0.0    104	
19071	0.0381  0.0012	0.5425  0.0370	0.0     0.0     0.0     0.0    104	
19072	0.0378  0.0013	0.5931  0.0392	0.0     0.0     0.0     0.0    104
19073	0.0356  0.0013	0.5338  0.0405	0.0     0.0     0.0     0.0    104	
19074	0.0365  0.0013	0.5557  0.0407	0.0     0.0     0.0     0.0    104
19075	0.0355  0.0013	0.6099  0.0422	0.0     0.0     0.0     0.0    104	
19077	0.0373  0.0011	0.559   0.032	0.0     0.0     0.0     0.0    104	
19078	0.0349  0.0010	0.577   0.031	0.0     0.0     0.0     0.0    104	
19079	0.0377  0.0011	0.601   0.032	0.0     0.0     0.0     0.0    104	
19081	0.0340  0.0011	0.525   0.034	0.0     0.0     0.0     0.0    104	
19085	0.0350  0.0011	0.606   0.035	0.0     0.0     0.0     0.0    104
19086	0.0350  0.0013	0.625   0.043	0.0     0.0     0.0     0.0    104	
19091	0.0365  0.0011	0.624   0.034	0.0     0.0     0.0     0.0    104
19092	0.0367  0.0011	0.679   0.035	0.0     0.0     0.0     0.0    104	
19093	0.0365  0.0011	0.615   0.034	0.0     0.0     0.0     0.0    104	
19094	0.0371  0.0010	0.661   0.031	0.0     0.0     0.0     0.0    104	
19095	0.0371  0.0011	0.618   0.034	0.0     0.0     0.0     0.0    104	
19096	0.0369  0.0011	0.664   0.035	0.0     0.0     0.0     0.0    104	
19097	0.0365  0.0011	0.625   0.034	0.0     0.0     0.0     0.0    104	
19098	0.0370  0.0017	0.589   0.052	0.0     0.0     0.0     0.0    104	
19099	0.0362  0.0011	0.573   0.034	0.0     0.0     0.0     0.0    104	
19100	0.0359  0.0011	0.621   0.035	0.0     0.0     0.0     0.0    104	
19101	0.0380  0.0012	0.557   0.034	0.0     0.0     0.0     0.0    104	
19102	0.0365  0.0012	0.551   0.035	0.0     0.0     0.0     0.0    104	
19103	0.0384  0.0023	0.586   0.067	0.0     0.0     0.0     0.0    104
19108	0.0398  0.0027	0.497   0.073	0.0     0.0     0.0     0.0    104
19109	0.0363  0.0012	0.607   0.038	0.0     0.0     0.0     0.0    104
19110	0.0363  0.0013	0.655   0.041	0.0     0.0     0.0     0.0    104
19113	0.0370  0.0011	0.561   0.032	0.0     0.0     0.0     0.0    104
19114	0.0392  0.0010	0.601   0.029	0.0     0.0     0.0     0.0    104
19120	0.0375  0.0012	0.5451  0.0383	0.0     0.0     0.0     0.0    104	
19122	0.0369  0.0025	0.6677  0.0835	0.0     0.0     0.0     0.0    104
19125	0.0377  0.0011	0.6050  0.0354	0.0     0.0     0.0     0.0    104	
19126	0.0368  0.0011	0.6577  0.0379	0.0     0.0     0.0     0.0    104	
19128	0.0371  0.0011	0.6486  0.0364	0.0     0.0     0.0     0.0    104
19129	0.0376  0.0015	0.5760  0.0470	0.0     0.0     0.0     0.0    104	
19131	0.0383  0.0011	0.6261  0.0343	0.0     0.0     0.0     0.0    104	
19132	0.0377  0.0011	0.6243  0.0340	0.0     0.0     0.0     0.0    104
19136	0.0387  0.0011	0.5573  0.0320	0.0     0.0     0.0     0.0    104	
19138	0.0387  0.0011	0.5653  0.0338	0.0     0.0     0.0     0.0    104	
19139	0.0386  0.0012	0.5934  0.0360	0.0     0.0     0.0     0.0    104
19143	0.0353  0.0012	0.6134  0.0400	0.0     0.0     0.0     0.0    104	
19147	0.0356  0.0014	0.6542  0.0482	0.0     0.0     0.0     0.0    104	
19151	0.0362  0.0010	0.6493  0.0351	0.0     0.0     0.0     0.0    104	
19155	0.0376  0.0011	0.5276  0.0336	0.0     0.0     0.0     0.0    104
19158	0.0380  0.0031	0.5111  0.0922	0.0     0.0     0.0     0.0    104	
19160	0.0383  0.0011	0.5374  0.0326	0.0     0.0     0.0     0.0    104	
19161	0.0362  0.0011	0.5918  0.0350	0.0     0.0     0.0     0.0    104	
19162	0.0374  0.0011	0.5814  0.0344	0.0     0.0     0.0     0.0    104	
19163	0.0363  0.0011	0.6108  0.0366	0.0     0.0     0.0     0.0    104	
19164	0.0381  0.0011	0.5787  0.0339	0.0     0.0     0.0     0.0    104	
19165	0.0363  0.0015	0.5682  0.0493	0.0     0.0     0.0     0.0    104	
19167	0.0384  0.0012	0.5901  0.0363	0.0     0.0     0.0     0.0    104	
19169	0.0373  0.0012	0.5583  0.0376	0.0     0.0     0.0     0.0    104
19182	0.0396  0.0011	0.5619  0.0322	0.0     0.0     0.0     0.0    104	
19183	0.0378  0.0010	0.5450  0.0308	0.0     0.0     0.0     0.0    104
19191	0.0376  0.0010	0.5319  0.0318	0.0     0.0     0.0     0.0    104	
19192	0.0367  0.0011	0.5620  0.0350	0.0     0.0     0.0     0.0    104	
19193	0.0382  0.0011	0.5598  0.0345	0.0     0.0     0.0     0.0    104
19195	0.0360  0.0010	0.5835  0.0337	0.0     0.0     0.0     0.0    104
19198	0.0289  0.0065	0.8508  0.3032  0.0     0.0     0.0     0.0    104
19202	0.0329  0.0035	0.4497  0.1182	0.0     0.0     0.0     0.0    104	
19204	0.0378  0.0010	0.5636  0.0313	0.0     0.0     0.0     0.0    104	
19207	0.0372  0.0010	0.5749  0.0313	0.0     0.0     0.0     0.0    104	
19208	0.0380  0.0025	0.5121  0.0746	0.0     0.0     0.0     0.0    104	
19209	0.0383  0.0011	0.5157  0.0339	0.0     0.0     0.0     0.0    104	
19211	0.0367  0.0011	0.5974  0.0365	0.0     0.0     0.0     0.0    104
19213	0.0388  0.0011	0.5219  0.0315	0.0     0.0     0.0     0.0    104	
19214	0.0388  0.0010	0.5390  0.0300	0.0     0.0     0.0     0.0    104
19215	0.0377  0.0010	0.4958  0.0297	0.0     0.0     0.0     0.0    104	
19217	0.0377  0.0019	0.5588  0.0599	0.0     0.0     0.0     0.0    104	
19227	0.0361  0.0016	0.5860  0.0524	0.0     0.0     0.0     0.0    104	
19228	0.0360  0.0019	0.6454  0.0654	0.0     0.0     0.0     0.0    104
19231	0.0368  0.0012	0.6128  0.0382	0.0     0.0     0.0     0.0    104
19234	0.0371  0.0015	0.5403  0.0473	0.0     0.0     0.0     0.0    104
19237	0.0354  0.0012	0.6479  0.0396	0.0     0.0     0.0     0.0    104	
19238	0.0370  0.0011	0.5284  0.0347	0.0     0.0     0.0     0.0    104	
19240	0.0384  0.0011	0.5736  0.0325	0.0     0.0     0.0     0.0    104	
19242	0.0374  0.0011	0.5781  0.0346	0.0     0.0     0.0     0.0    104	
19243	0.0351  0.0019	0.5757  0.0640	0.0     0.0     0.0     0.0    104	
19248	0.0385  0.0013	0.5532  0.0384	0.0     0.0     0.0     0.0    104	
19249	0.0352  0.0013	0.6342  0.0443	0.0     0.0     0.0     0.0    104
