10439   0.474   0   0.042
10449   0.273   0   0.043
10450   0.382   0   0.040
10455   0.377   0   0.039
10456   0.340   0   0.069
10463   0.331   0   0.042
10465   0.464   0   0.049
10471   0.324   0   0.045
10476   0.425   0   0.047
10478   0.440   0   0.064
10482   0.350   0   0.036
10486   0.229   0   0.038
10490   0.396   0   0.042
10494   0.316   0   0.040
10505   0.408   0   0.036
10507   0.406   0   0.044
10508   0.317   0   0.050
10517   0.384   0   0.045
10525   0.357   0   0.041
10526   0.258   0   0.048
10527   0.343   0   0.041
10528   0.378   0   0.067
10531   0.310   0   0.038
10532   0.300   0   0.036
10535   0.325   0   0.037
10536   0.336   0   0.058
10616   0.634   0   0.075
10629   0.442   0   0.085
10637   0.573   0   0.084
10639   0.477   0   0.058
10642   0.615   0   0.071
10646   0.530   0   0.069
10651   0.624   0   0.051
10652   0.603   0   0.044
10654   0.623   0   0.049
10656   0.529   0   0.040
10657   0.682   0   0.065
10659   0.568   0   0.084
10662   0.544   0   0.042
10663   0.485   0   0.041
10668   0.541   0   0.041
10681   0.584   0   0.046
10682   0.681   0   0.126
10683   0.500   0   0.087
10684   0.592   0   0.074
10685   0.565   0   0.042
10688   0.522   0   0.046
10689   0.568   0   0.048
10690   0.396   0   0.039
10693   0.624   0   0.073
10695   0.608   0   0.050
10696   0.571   0   0.048
10700   0.545   0   0.078
10702   0.530   0   0.063
10703   0.617   0   0.086
10704   0.606   0   0.051
10705   0.675   0   0.091
10706   0.526   0   0.047
10711   0.461   0   0.049
10713   0.594   0   0.064
10732   0.487   0   0.045
10746   0.479   0   0.052
10748   0.588   0   0.057
10753   0.574   0   0.059
10754   0.551   0   0.046
10755   0.459   0   0.055
10756   0.558   0   0.056
10758   0.594   0   0.053
10759   0.511   0   0.053
15166   0.4477   0   0.0341
15170   0.4099   0   0.0558
15172   0.4914   0   0.0390
15173   0.3976   0   0.0497
15190   0.5165   0   0.0402
15196   0.5891   0   0.0487
15200   0.5416   0   0.0782
15202   0.3876   0   0.0530
15205   0.6292   0   0.0654
15207   0.4464   0   0.0417
15208   0.6189   0   0.0948
15210   0.5487   0   0.0749
15213   0.5501   0   0.0497
15233   0.5240   0   0.0551
15244   0.5282   0   0.0489
15249   0.5113   0   0.0720
15251   0.5331   0   0.0936
15254   0.5175   0   0.0366
15255   0.5303   0   0.0335
15256   0.5627   0   0.0489
15257   0.4666   0   0.0434
15283   0.4597   0   0.0560
15284   0.4720   0   0.0401
15287   0.5993   0   0.1013
15299   0.5296   0   0.0409
15314   0.4458   0   0.0461
15315   0.4983   0   0.0615
15316   0.4447   0   0.0442
15322   0.5188   0   0.0398
15324   0.6186   0   0.0449
15335   0.5265   0   0.0293
15337   0.5530   0   0.0358
15338   0.4447   0   0.0403
15356   0.5354   0   0.0372
15357   0.4089   0   0.0834
15363   0.4485   0   0.0361
15364   0.4799   0   0.0390
15365   0.5227   0   0.0381
15366   0.4566   0   0.0511
15368   0.4757   0   0.0384
15370   0.6006   0   0.0744
15372   0.4675   0   0.0427
15376   0.4095   0   0.0373
15378   0.4029   0   0.0394
15380   0.4786   0   0.0393
15381   0.4459   0   0.0768
15386   0.4226   0   0.0319
15390   0.5260   0   0.0556
15393   0.4624   0   0.0315
15397   0.4008   0   0.0325
15399   0.4134   0   0.0319
15402   0.5126   0   0.0678
15403   0.6038   0   0.0563
15425   0.4256   0   0.0430
15426   0.4518   0   0.0599
15427   0.4750   0   0.0327
15431   0.5515   0   0.0563
15435   0.4342   0   0.0365
15436   0.4328   0   0.0301
15438   0.4510   0   0.0499
15443   0.5009   0   0.0311
15452   0.5279   0   0.0387
15466   0.5127   0   0.1090
15467   0.4493   0   0.0256
15470   0.4263   0   0.0289
16386   0.5910   0   0.0443
16401   0.6489   0   0.0441
16402   0.6781   0   0.0461
16404   0.6385   0   0.0725
16409   0.6213   0   0.0456
16410   0.6200   0   0.0431
16412   0.6666   0   0.0416
16421   0.6822   0   0.0415
16426   0.6542   0   0.0416
16430   0.6573   0   0.0622
16433   0.5828   0   0.0352
16436   0.5854   0   0.0402
16438   0.5079   0   0.0435
16439   0.7316   0   0.0506
16444   0.5455   0   0.0317
16445   0.5808   0   0.0331
16447   0.5782   0   0.0267
16449   0.5886   0   0.0307
16450   0.5948   0   0.0372
16451   0.5919   0   0.0322
16452   0.5397   0   0.0316
16453   0.4973   0   0.0291
16458   0.5099   0   0.0316
16460   0.5811   0   0.0318
16461   0.5540   0   0.0299
16462   0.5481   0   0.0647
16463   0.4545   0   0.0324
16464   0.3231   0   0.0730
16465   0.4605   0   0.0359
16468   0.6678   0   0.0603
16472   0.5304   0   0.0289
16475   0.5389   0   0.0277
16480   0.5686   0   0.0293
16484   0.5994   0   0.0310
16487   0.6387   0   0.0553
16494   0.6527   0   0.0472
16496   0.5606   0   0.0389
16497   0.5485   0   0.0643
16498   0.5481   0   0.0346
16502   0.5385   0   0.0338
16504   0.5103   0   0.0655
16505   0.5333   0   0.0448
16507   0.4598   0   0.0368
16509   0.4513   0   0.0329
16511   0.5605   0   0.0336
16512   0.4756   0   0.0351
16514   0.5732   0   0.0427
16515   0.5107   0   0.0313
16523   0.5322   0   0.0529
16529   0.5253   0   0.0301
16530   0.5479   0   0.0299
16532   0.5643   0   0.0375
16534   0.5302   0   0.0347
16538   0.5240   0   0.0312
16541   0.5754   0   0.0307
16543   0.5926   0   0.0293
16567   0.5953   0   0.1589
16570   0.5144   0   0.0364
16578   0.6932   0   0.0729
16582   0.4745   0   0.0377
16586   0.4696   0   0.0350
16587   0.3942   0   0.0290
16592   0.4879   0   0.0366
16593   0.4669   0   0.0497
16594   0.4365   0   0.0306
16597   0.3966   0   0.0513
16618   0.3263   0   0.0331
16619   0.6246   0   0.0322
16622   0.5604   0   0.0326
16625   0.5667   0   0.0276
16626   0.5767   0   0.0317
16627   0.6115   0   0.0313
16632   0.6302   0   0.0305
16633   0.5637   0   0.0356
16643   0.5790   0   0.0416
16650   0.6035   0   0.0299
16655   0.5622   0   0.0302
16656   0.5566   0   0.0296
16662   0.5213   0   0.0306
16665   0.5872   0   0.0329
16667   0.6073   0   0.0305
16668   0.5667   0   0.0300
16669   0.4601   0   0.0372
16671   0.4753   0   0.0273
16678   0.5299   0   0.0368
16685   0.5615   0   0.0326
16686   0.5195   0   0.0381
16690   0.5064   0   0.0320
16691   0.5848   0   0.0310
16693   0.5362   0   0.0292
16697   0.6312   0   0.0305
16698   0.5444   0   0.0303
16699   0.5652   0   0.0312
16701   0.6395   0   0.0480
16704   0.5186   0   0.0363
16710   0.5114   0   0.0353
16716   0.4652   0   0.0387
16720   0.4609   0   0.0299
16722   0.4911   0   0.0305
16724   0.5036   0   0.0324
16725   0.5283   0   0.0467
16726   0.5542   0   0.0291
