10439   0.474   0.042
10449   0.273   0.043
10450   0.382   0.040
10455   0.377   0.039
10456   0.340   0.069
10463   0.331   0.042
10465   0.464   0.049
10471   0.324   0.045
10476   0.425   0.047
10478   0.440   0.064
10482   0.350   0.036
10486   0.229   0.038
10490   0.396   0.042
10494   0.316   0.040
10505   0.408   0.036
10507   0.406   0.044
10508   0.317   0.050
10517   0.384   0.045
10525   0.357   0.041
10526   0.258   0.048
10527   0.343   0.041
10528   0.378   0.067
10531   0.310   0.038
10532   0.300   0.036
10535   0.325   0.037
10536   0.336   0.058
10616   0.634   0.075
10629   0.442   0.085
10637   0.573   0.084
10639   0.477   0.058
10642   0.615   0.071
10646   0.530   0.069
10651   0.624   0.051
10652   0.603   0.044
10654   0.623   0.049
10656   0.529   0.040
10657   0.682   0.065
10659   0.568   0.084
10662   0.544   0.042
10663   0.485   0.041
10668   0.541   0.041
10681   0.584   0.046
10682   0.681   0.126
10683   0.500   0.087
10684   0.592   0.074
10685   0.565   0.042
10688   0.522   0.046
10689   0.568   0.048
10690   0.396   0.039
10693   0.624   0.073
10695   0.608   0.050
10696   0.571   0.048
10700   0.545   0.078
10702   0.530   0.063
10703   0.617   0.086
10704   0.606   0.051
10705   0.675   0.091
10706   0.526   0.047
10711   0.461   0.049
10713   0.594   0.064
10732   0.487   0.045
10746   0.479   0.052
10748   0.588   0.057
10753   0.574   0.059
10754   0.551   0.046
10755   0.459   0.055
10756   0.558   0.056
10758   0.594   0.053
10759   0.511   0.053
