10500.002
10500.004
10500.201
10500.203
10502.002
10502.004
10502.201
10502.203
10505.002
10505.004
10505.006
10505.008
10505.010
10505.012
10505.014
10505.016
10505.018
10505.201
10505.203
10505.205
10505.207
10505.209
10505.211
10505.213
10505.215
10505.217
10506.002
10506.201
10507.002
10507.004
10507.006
10507.008
10507.010
10507.012
10507.014
10507.016
10507.018
10507.201
10507.203
10507.205
10507.207
10507.209
10507.211
10507.213
10507.215
10507.217
10508.002
10508.004
10508.005
10508.006
10508.007
10508.008
10508.009
10508.010
10508.012
10508.013
10508.014
10508.016
10508.019
10508.201
10508.203
10508.204
10508.205
10508.206
10508.207
10508.209
10508.210
10508.211
10508.212
10508.213
10508.215
10508.217
10508.218
10509.006
10509.008
10509.009
10509.010
10509.011
10516.002
10516.201
10516.203
10517.002
10517.004
10517.006
10517.008
10517.010
10517.012
10517.201
10517.203
10517.205
10517.207
10517.209
10517.211
10517.213
10517.214
10517.215
10517.216
10517.217
10517.218
10517.219
10518.201
10518.202
10518.203
10518.204
10519.201
10519.202
10519.203
10519.204
10519.205
10519.206
10519.207
10519.208
10519.209
10519.210
10519.211
10519.212
10519.213
10520.201
10520.202
10520.203
10520.204
10521.201
10521.202
10521.203
10521.204
10521.205
10521.206
10521.207
10522.201
10522.202
10522.203
10522.204
10522.205
10522.206
10523.201
10523.202
10523.203
10523.204
10523.205
10523.206
10523.207
