10019
10020
10021
10029
10034
10040
10042
10045
10046
10049
10050
10062
10094
10096
10098
10101
10102
10104
10108
10110
10111
10112
10113
10117
10130
10143
10147
10158
10159
10162
10163
10176
10179
10180
10189
10201
10202
10203
10207
10212
10213
10219
10220
10222
10225
10228
10229
10230
10234
10238
10239
10240
10242
10243
10245
10251
10253
10262
10263
10264
10265
10272
10273
10274
10275
10276
10279
10280
10285
10287
10288
10289
10292
10293
10294
10295
10298
10299
10300
10301
10302
10304
10305
10306
10307
10308
10312
10313
10315
10316
10319
10320
10321
10322
10323
10324
10325
10326
10327
10328
10329
10330
10331
10332
10333
10334
10335
10336
10337
10338
10339
10340
10343
10344
10345
10346
10348
10350
10353
10357
10358
10361
10362
10364
10365
10367
10368
10369
10371
10372
10373
10375
10377
10379
10380
10381
10382
10383
10384
10390
10392
10394
10395
10396
10398
10399
10401
10402
10403
10404
10405
10406
10407
10408
10410
10411
10412
10413
10414
10415
10416
10417
10418
10419
10420
10421
10422
10423
10424
10425
10426
10428
10429
10431
10433
10434
10436
10437
10438
10439
10440
10442
10443
10446
10448
10449
10450
10451
10453
10454
10455
10456
10458
10459
10460
10461
10462
10463
10464
10465
10467
10468
10469
10470
10471
10472
10473
10474
10475
10476
10477
10478
10481
10482
10483
10486
10487
10488
10490
10492
10493
10494
10495
10496
10498
10500
10502
10505
10506
10507
10508
10509
10516
10517
10518
10519
10520
10521
10522
10523
10524
10525
10526
10527
10528
10530
10531
10532
10533
10534
10535
10536
10537
10538
10539
10540
10541
10542
10545
10555
10556
10557
10558
10559
10560
10561
10562
10563
10598
10616
10624
10625
10626
10627
10629
10630
10634
10636
10637
10639
10640
10641
10642
10643
10644
10646
10647
10651
10652
10654
10655
10656
10657
10659
10661
10662
10663
10664
10665
10666
10667
10668
10672
10673
10674
10680
10681
10682
10683
10684
10685
10686
10688
10689
10690
10691
10692
10693
10695
10696
10700
10701
10702
10703
10704
10705
10706
10707
10708
10711
10712
10713
10715
10717
10719
10720
10724
10727
10728
10729
10730
10731
10732
10736
10737
10738
10744
10746
10747
10748
10749
10752
10753
10754
10755
10756
10758
10759
10761
10763
10764
10765
10770
10773
10777
10778
10779
10780
10781
10782
10783
10784
10785
10786
10789
10790
10791
10795
10798
10799
10800
10806
10807
10809
10811
10812
10813
10814
10816
10817
10818
10819
10820
10821
10825
10826
10827
10843
10844
10845
10849
10850
10851
10852
10853
10854
10855
10857
10859
10864
10865
10866
10867
10868
10869
10870
10871
10874
10875
10876
10877
10878
10879
10880
10881
10884
10885
10888
10889
10890
10892
10894
10896
10901
10902
10903
10904
10912
10918
10919
10920
10921
10924
10925
10926
10927
10928
10929
10930
10932
10933
10934
10935
10936
10937
10938
10941
10943
10944
10945
10946
10947
10949
10950
10951
10952
10953
10954
10955
10956
10957
10959
10960
10961
10962
10963
10964
10965
10966
10967
10968
10969
10970
10971
10972
10973
10974
10976
10977
10978
10979
10980
10981
10986
10987
10989
10993
10995
10998
10999
11000
11001
11002
11003
11004
11005
11006
11014
11015
11016
11017
11019
11020
11023
11026
11028
11029
11030
11031
11032
11033
11035
11038
11039
11040
11041
11042
11043
11044
11045
11061
11062
11063
11067
11068
