10045.214
10045.213
10045.212
10045.211
10045.210
10045.209
10045.208
10045.207
10045.206
10045.205
10045.204
10045.203
10045.202
10045.201
10042.207
10042.006
10042.005
10042.004
10042.003
10042.002
10042.001
10040.002
10040.001
10040.201
10034.003
10034.002
10034.201
10265.023
10265.005
10264.001
10263.003
10262.005
10262.004
10262.003
10262.202
10262.001
10253.201
10251.203
10245.001
10243.005
10243.004
10243.003
10243.002
10243.001
10242.006
10242.205
10242.004
10242.003
10240.001
10239.001
10238.003
10238.002
10238.001
10234.003
10234.002
10230.003
10230.202
10230.001
10228.007
10228.206
10228.005
10228.204
10228.003
10228.002
10228.001
10225.002
10220.212
10220.210
10220.209
10220.208
10220.006
10220.005
10220.004
10220.003
10219.207
10219.006
10219.005
10219.004
10219.003
10219.002
10219.001
10213.204
10213.003
10207.205
10207.004
10207.003
10203.002
10203.001
10202.004
10202.003
10202.002
10201.202
10201.001
10189.203
10180.205
10180.002
10179.220
10179.019
10179.218
10179.016
10179.015
10179.014
10179.012
10179.208
10179.206
10179.004
10176.213
10176.011
10176.009
10176.008
10176.007
10176.006
10176.005
10176.205
10176.004
10163.202
10162.002
10162.202
10162.001
10159.002
10159.001
10158.001
10147.204
10147.003
10147.002
10147.001
10143.207
10143.206
10143.005
10143.004
10143.003
10143.002
10143.001
10130.004
10130.000
10130.003
10130.202
10130.001
10117.001
10113.206
10113.205
10113.204
10113.203
10113.202
10113.201
10112.204
10112.203
10112.202
10112.201
10111.001
10110.002
10110.001
10101.202
10101.001
10098.003
10098.202
10098.201
10096.201
10062.202
10062.001
10049.203
10049.202
10049.001
10049.000
10046.051
10046.250
10046.249
10046.048
10046.047
10046.046
10046.045
10046.044
10046.043
10046.042
10046.041
10046.040
10046.239
10046.238
10046.237
10046.236
10046.035
10046.034
10046.233
10046.232
10046.231
10046.230
10046.229
10046.228
10046.227
10046.226
10046.225
10046.224
10046.223
10046.222
10046.221
10046.220
10046.019
10046.018
10046.017
10046.016
10046.215
10046.214
10046.213
10046.212
10046.211
10046.210
10046.009
10046.208
10046.007
10046.006
10046.205
10046.204
10046.203
10046.202
10046.201
10045.026
10045.025
10045.024
10045.223
10045.222
10045.221
10045.220
10045.219
10045.218
10045.217
10045.216
10045.215
