10481.002
10481.201
10482.002
10482.004
10482.006
10482.008
10482.010
10482.012
10482.014
10482.201
10482.203
10482.205
10482.207
10482.209
10482.211
10482.213
10483.002
10483.004
10483.006
10483.008
10483.201
10483.203
10483.205
10483.207
10486.002
10486.004
10486.006
10486.007
10486.008
10486.009
10486.012
10486.014
10486.016
10486.201
10486.203
10486.205
10486.210
10486.211
10486.213
10486.215
10486.217
10487.002
10487.201
10488.002
10488.201
10490.002
10490.004
10490.005
10490.008
10490.010
10490.011
10490.201
10490.203
10490.206
10490.207
10490.209
10490.212
10492.001
10492.006
10492.008
10492.202
10492.203
10492.204
10492.205
10492.207
10493.002
10493.004
10493.201
10493.203
10494.002
10494.004
10494.006
10494.008
10494.010
10494.012
10494.201
10494.203
10494.205
10494.207
10494.209
10494.211
10495.002
10495.201
10496.002
10496.201
10498.002
10498.201
