10440.002
10440.004
10440.201
10440.203
10442.002
10442.004
10442.201
10442.203
10443.002
10443.004
10443.201
10443.203
10443.205
10446.002
10446.003
10446.201
10446.204
10448.001
10448.005
10448.007
10448.009
10448.011
10448.012
10448.015
10448.202
10448.203
10448.204
10448.206
10448.208
10448.210
10448.213
10448.214
10449.002
10449.004
10449.006
10449.008
10449.010
10449.011
10449.201
10449.203
10449.205
10449.207
10449.209
10449.212
10450.001
10450.006
10450.007
10450.008
10450.010
10450.012
10450.014
10450.016
10450.202
10450.203
10450.204
10450.205
10450.209
10450.211
10450.213
10450.215
10450.217
10450.218
10450.219
10450.220
10450.221
10451.002
10451.004
10451.201
10451.203
10453.002
10453.201
10454.002
10454.005
10454.007
10454.201
10454.203
10454.204
10454.206
10455.001
10455.003
10455.005
10455.007
10455.009
10455.011
10455.202
10455.204
10455.206
10455.208
10455.210
10455.212
10456.001
10456.003
10456.005
10456.202
10456.204
10456.206
10458.203
10458.204
10458.206
10459.202
10459.204
