10410.002
10410.201
10411.002
10411.201
10412.001
10412.002
10412.005
10412.007
10412.009
10412.011
10412.013
10412.015
10412.018
10412.020
10412.022
10412.203
10412.204
10412.206
10412.208
10412.210
10412.212
10412.214
10412.216
10412.217
10412.219
10412.221
10413.005
10413.007
10413.203
10413.204
10413.206
10413.208
10414.003
10414.005
10414.202
10414.204
10415.001
10415.002
10415.004
10415.007
10415.009
10415.011
10415.014
10415.203
10415.205
10415.206
10415.208
10415.210
10415.212
10415.213
10416.202
10416.203
10416.204
10416.205
10416.206
10416.207
10417.201
10417.202
10417.203
10417.204
10417.205
10417.206
10417.207
10418.201
10418.202
10418.203
10418.204
10418.205
10418.206
10418.207
10419.201
10419.202
10419.203
10419.204
10419.205
10419.206
10419.207
10420.001
10420.202
10420.203
10420.204
10420.205
10420.206
10420.207
10420.208
10420.209
10421.201
10421.202
10421.203
10421.204
10422.002
10422.201
10423.002
10423.201
10424.002
10424.201
10425.002
10425.201
10426.001
10426.003
10426.005
10426.007
10426.202
10426.204
10426.206
10426.208
10428.001
10428.005
10428.202
10428.206
10428.207
10429.003
10429.004
10429.005
10429.008
10429.010
10429.012
10429.013
10429.019
10429.020
10429.022
10429.024
10429.025
10429.203
10429.204
10429.205
10429.206
10429.207
10429.209
10429.211
10429.214
10429.215
10429.216
10429.217
10429.218
10429.221
10429.223
10429.226
10429.227
10431.002
10431.004
10431.201
10431.203
10433.002
10433.004
10433.006
10433.008
10433.009
10433.201
10433.203
10433.205
10433.207
10434.001
10434.004
10434.006
10434.008
10434.010
10434.012
10434.202
10434.203
10434.205
10434.207
10434.209
10434.211
10434.213
10436.003
10436.004
10436.006
10436.008
10436.010
10436.201
10436.202
10436.205
10436.207
10436.209
10437.002
10437.201
10438.002
10438.201
10439.002
10439.004
10439.006
10439.008
10439.010
10439.011
10439.014
10439.016
10439.018
10439.201
10439.203
10439.205
10439.207
10439.209
10439.212
10439.213
10439.215
10439.217
