10616.001
10616.003
10616.005
10616.007
10616.101
10616.104
10616.106
10616.108
10616.202
10616.204
10616.206
10616.302
10616.305
10616.307
10624.001
10624.002
10624.301
10625.002
10625.201
10625.301
10625.302
10626.002
10626.102
10626.201
10626.301
10627.002
10627.102
10627.201
10627.301
10629.002
10629.004
10629.006
10629.007
10629.102
10629.104
10629.106
10629.107
10629.201
10629.203
10629.205
10629.208
10629.301
10629.303
10629.305
10629.308
10630.001
10630.003
10630.006
10630.202
10630.204
10630.205
10637.004
10637.006
10637.007
10637.104
10637.106
10637.203
10637.205
10637.208
10637.209
10637.303
10637.305
10637.308
10639.004
10639.006
10639.008
10639.105
10639.110
10639.112
10639.203
10639.205
10639.207
10639.301
10639.304
10639.311
10640.002
10640.102
10640.201
10640.301
10641.002
10641.102
10641.201
10641.301
10642.002
10642.004
10642.006
10642.008
10642.102
10642.104
10642.106
10642.201
10642.203
10642.205
10642.207
10642.301
10642.303
10642.305
10643.002
10643.102
10643.201
10643.301
10644.001
10644.002
10644.101
10646.002
10646.004
10646.104
10646.201
10646.203
10646.301
10646.302
10646.303
10647.002
10647.004
10647.006
10647.102
10647.104
10647.106
10647.201
10647.203
10647.205
10647.301
10647.303
10647.305
10651.001
10651.003
10651.005
10651.008
10651.009
10651.011
10651.101
10651.103
10651.106
10651.107
10651.109
10651.202
10651.204
10651.206
10651.207
10651.210
10651.212
10651.302
10651.304
10651.305
10651.308
10651.310
10652.002
10652.004
10652.006
10652.008
10652.009
10652.102
10652.104
10652.106
10652.108
10652.109
10652.201
10652.203
10652.205
10652.207
10652.210
10652.301
10652.303
10652.305
10652.307
10652.310
10654.002
10654.004
10654.006
10654.008
10654.010
10654.102
10654.104
10654.106
10654.108
10654.110
10654.201
10654.203
10654.205
10654.207
10654.209
10654.301
10654.303
10654.305
10654.307
10654.309
10655.003
10655.005
10655.007
10655.009
10655.011
10655.102
10655.104
10655.106
10655.108
10655.110
10655.202
10655.204
10655.206
10655.208
10655.210
10655.301
10655.303
10655.305
10655.307
10655.309
10656.002
10656.005
10656.007
10656.009
10656.011
10656.102
10656.105
10656.107
10656.109
10656.111
10656.201
10656.203
10656.204
10656.206
10656.208
10656.210
10656.301
10656.303
10656.304
10656.306
10656.308
10656.310
10657.003
10657.005
10657.102
10657.104
10657.201
10657.202
10657.204
10657.301
10657.303
10659.001
10659.003
10659.102
10659.202
10659.301
10661.001
10661.002
10662.001
10662.002
10662.004
10662.006
10662.008
10662.101
10662.103
10662.105
10662.107
10662.203
10662.205
10662.207
10662.209
10662.302
10662.304
10662.306
10662.308
10663.001
10663.002
10663.005
10663.006
10663.009
10663.101
10663.104
10663.105
10663.108
10663.203
10663.204
10663.207
10663.208
10663.302
10663.303
10663.306
10663.307
10664.201
10664.301
10664.307
10665.201
10665.202
10665.203
10666.201
10667.201
10668.003
10668.004
10668.006
10668.009
10668.102
10668.103
10668.105
10668.107
10668.201
10668.202
10668.205
10668.207
10668.208
10668.210
10668.301
10668.304
10668.306
10668.308
10672.007
10672.008
10672.009
10672.015
10672.114
10672.202
10672.216
10672.312
10672.313
10673.002
10673.006
10673.007
10673.008
10673.012
10673.113
10673.214
10674.003
10674.018
10674.110
10674.112
10674.214
10674.215
10674.222
10674.223
10674.302
10674.309
10674.318
10674.323
10680.201
10681.002
10681.003
10681.004
10681.006
10681.008
10681.101
10681.103
10681.105
10681.107
10681.201
10681.205
10681.207
10681.209
10681.302
10681.304
10681.306
10681.308
10682.005
10682.007
10682.009
10682.101
10682.103
10682.206
10682.208
10682.210
10682.302
10682.304
10683.002
10683.004
10683.005
10683.008
10683.101
10683.103
10683.106
10683.201
10683.203
10683.206
10683.207
10683.302
10683.304
10683.305
10684.002
10684.003
10684.005
10684.101
10684.103
10684.201
10684.204
10684.206
10684.302
10684.304
10685.001
10685.003
10685.005
10685.008
10685.010
10685.012
10685.014
10685.101
10685.107
10685.109
10685.202
10685.204
10685.206
10685.207
10685.209
10685.211
10685.213
10685.302
10685.305
10685.306
10685.308
10686.002
10686.005
10686.006
10686.103
10686.201
10686.203
10686.204
10686.207
10686.301
10686.302
10686.306
10688.001
10688.003
10688.005
10688.007
10688.010
10688.012
10688.102
10688.103
10688.106
10688.108
10688.202
10688.204
10688.206
10688.208
10688.209
10688.211
10688.301
10688.304
10688.305
10688.307
10689.003
10689.005
10689.007
10689.009
10689.010
10689.103
10689.105
10689.107
10689.108
10689.202
10689.204
10689.206
10689.208
10689.211
10689.302
10689.304
10689.306
10689.309
10690.001
10690.003
10690.005
10690.007
10690.009
10690.101
10690.103
10690.105
10690.107
10690.202
10690.204
10690.206
10690.208
10690.210
10690.302
10690.304
10690.306
10690.308
10691.002
10691.004
10691.006
10691.008
10691.103
10691.105
10691.201
10691.203
10691.205
10691.207
10691.301
10691.302
10691.304
10692.006
10692.008
10692.104
10692.106
10692.108
10692.205
10692.207
10692.303
10692.305
10692.307
10693.002
10693.004
10693.005
10693.102
10693.103
10693.201
10693.203
10693.206
10693.301
10693.304
10695.001
10695.003
10695.005
10695.009
10695.101
10695.103
10695.105
10695.202
10695.204
10695.206
10695.207
10695.208
10695.210
10695.302
10695.304
10695.306
10696.001
10696.003
10696.006
10696.009
10696.011
10696.101
10696.104
10696.106
10696.108
10696.202
10696.204
10696.205
10696.207
10696.208
10696.210
10696.302
10696.303
10696.305
10696.307
10700.002
10700.004
10700.005
10700.007
10700.010
10700.102
10700.103
10700.105
10700.108
10700.201
10700.203
10700.206
10700.208
10700.209
10700.301
10700.304
10700.306
10700.307
10701.002
10701.201
10701.301
10702.002
10702.004
10702.007
10702.103
10702.105
10702.201
10702.203
10702.205
10702.206
10702.301
10702.302
10702.304
10703.002
10703.004
10703.006
10703.102
10703.104
10703.201
10703.203
10703.205
10703.301
10703.303
10704.002
10704.004
10704.007
10704.010
10704.013
10704.014
10704.015
10704.103
10704.105
10704.108
10704.111
10704.201
10704.203
10704.205
10704.206
10704.208
10704.209
10704.211
10704.212
10704.301
10704.302
10704.304
10704.306
10704.307
10704.309
10704.310
10705.002
10705.004
10705.103
10705.201
10705.203
10705.301
10705.302
10706.002
10706.004
10706.006
10706.008
10706.010
10706.103
10706.105
10706.107
10706.109
10706.201
10706.203
10706.205
10706.207
10706.209
10706.301
10706.302
10706.304
10706.306
10706.308
10707.001
10707.202
10707.301
10708.001
10708.003
10708.005
10708.008
10708.103
10708.106
10708.202
10708.204
10708.206
10708.207
10708.301
10708.302
10708.304
10708.305
10711.001
10711.004
10711.008
10711.012
10711.102
10711.103
10711.105
10711.107
10711.301
10711.304
10711.306
10711.308
10712.002
10712.003
10712.004
10712.006
10712.007
10712.103
10712.105
10712.106
10712.109
10712.301
10712.302
10712.304
10712.307
10712.308
10713.001
10713.002
10713.003
10713.004
10713.102
10713.103
10713.105
10713.107
10713.301
10713.304
10713.306
10713.308
10715.001
10715.006
10715.101
10715.103
10715.302
10715.304
10717.001
10717.002
10717.102
10717.301
10717.303
10719.001
10719.002
10719.102
10719.301
10719.303
10720.001
10720.002
10720.102
10720.301
10720.303
10724.008
10724.101
10724.302
10727.001
10727.002
10727.102
10727.301
10727.303
10728.001
10728.101
10729.001
10729.002
10729.003
10729.004
10729.005
10729.106
10729.301
10729.302
10729.303
10729.304
10729.305
10730.005
10730.008
10730.103
10730.301
10730.302
10731.002
10731.009
10731.201
10731.208
10731.301
10731.302
10732.002
10732.004
10732.006
10732.008
10732.010
10732.011
10732.103
10732.105
10732.107
10732.108
10732.201
10732.203
10732.205
10732.207
10732.209
10732.301
10732.302
10732.304
10732.306
10732.309
10736.002
10736.201
10736.301
10737.003
10737.202
10737.301
10744.001
10744.003
10744.102
10744.202
10744.204
10744.303
10746.002
10746.003
10746.005
10746.008
10746.010
10746.012
10746.102
10746.103
10746.107
10746.109
10746.111
10746.113
10746.201
10746.204
10746.206
10746.207
10746.209
10746.211
10746.304
10746.306
10746.308
10746.310
10746.312
10747.002
10747.004
10747.201
10747.203
10747.301
10748.002
10748.004
10748.006
10748.008
10748.010
10748.103
10748.105
10748.107
10748.109
10748.201
10748.203
10748.205
10748.207
10748.209
10748.301
10748.302
10748.304
10748.306
10748.308
10749.003
10749.005
10749.103
10749.201
10749.202
10749.204
10749.301
10749.302
10752.003
10752.202
10752.301
10753.002
10753.004
10753.005
10753.007
10753.009
10753.103
10753.104
10753.106
10753.108
10753.201
10753.203
10753.206
10753.208
10753.210
10753.301
10753.302
10753.305
10753.307
10753.309
10754.001
10754.003
10754.005
10754.007
10754.101
10754.102
10754.104
10754.106
10754.109
10754.202
10754.204
10754.206
10754.208
10754.303
10754.305
10755.001
10755.003
10755.005
10755.106
10755.108
10755.110
10755.202
10755.204
10755.206
10756.001
10756.003
10756.005
10756.117
10756.118
10756.121
10756.202
10756.204
10756.206
10756.320
10756.322
10758.001
10758.004
10758.006
10758.008
10758.010
10758.101
10758.104
10758.106
10758.107
10758.108
10758.202
10758.203
10758.205
10758.207
10758.209
10759.002
10759.004
10759.006
10759.008
10759.102
10759.103
10759.104
10759.105
10759.201
10759.203
10759.205
10759.207
10761.002
10761.004
10761.006
10761.105
10761.107
10761.201
10761.203
10761.205
10761.303
10761.304
10761.306
10761.308
10763.002
10763.004
10763.006
10763.008
10763.010
10763.103
10763.104
10763.107
10763.109
10763.201
10763.203
10763.205
10763.207
10763.209
10763.301
10763.302
10763.305
10763.306
10763.308
10764.002
10764.004
10764.006
10764.008
10764.010
10764.103
10764.105
10764.107
10764.109
10764.201
10764.203
10764.205
10764.207
10764.209
10764.301
10764.302
10764.304
10764.306
10764.308
10765.002
10765.004
10765.006
10765.009
10765.011
10765.103
10765.105
10765.107
10765.109
10765.201
10765.203
10765.205
10765.207
10765.208
10765.210
10765.301
10765.302
10765.304
10765.306
10765.308
10770.002
10770.201
10770.301
10773.002
10773.004
10773.006
10773.008
10773.010
10773.103
10773.105
10773.107
10773.108
10773.201
10773.203
10773.205
10773.207
10773.209
10773.301
10773.302
10773.304
10773.306
10777.103
10777.105
10777.107
10777.109
10777.201
10777.204
10777.206
10777.208
10777.210
10777.301
10777.302
10777.304
10777.306
10777.308
10778.106
10778.205
10778.209
10778.211
10778.302
10778.304
10778.305
10779.201
10779.301
10780.201
10780.301
10781.103
10781.105
10781.107
10781.201
10781.202
10781.203
10781.204
10781.301
10781.302
10781.304
10781.306
10782.104
10782.105
10782.106
10782.111
10782.112
10782.201
10782.202
10782.203
10782.204
10782.205
10782.301
10782.302
10782.307
10782.308
10782.309
10782.310
10783.102
10783.105
10783.107
10783.109
10783.201
10783.202
10783.203
10783.204
10783.205
10783.301
10783.303
10783.304
10783.306
10783.310
10784.103
10784.105
10784.107
10784.109
10784.201
10784.202
10784.203
10784.204
10784.205
10784.301
10784.302
10784.304
10784.306
10784.308
10785.102
10785.103
10785.106
10785.108
10785.201
10785.202
10785.203
10785.204
10785.205
10785.301
10785.304
10785.305
10785.307
10786.104
10786.106
10786.107
10786.109
10786.201
10786.202
10786.203
10786.204
10786.205
10786.301
10786.303
10786.305
10786.308
10786.310
10789.103
10789.104
10789.107
10789.201
10789.202
10789.203
10789.204
10789.301
10789.302
10789.305
10789.306
10790.103
10790.105
10790.107
10790.108
10790.201
10790.202
10790.203
10790.204
10790.205
10790.301
10790.302
10790.304
10790.306
10790.309
10791.101
10791.104
10791.106
10791.201
10791.202
10791.203
10791.204
10791.302
10791.303
10791.305
10795.108
10795.110
10795.112
10795.114
10795.305
10795.307
10795.311
10795.313
10798.101
10798.202
10798.302
10799.202
10799.203
10799.301
10800.103
10800.105
10800.107
10800.108
10800.109
10800.201
10800.202
10800.203
10800.204
10800.205
10800.301
10800.302
10800.304
10800.306
10800.310
10806.103
10806.105
10806.107
10806.108
10806.201
10806.202
10806.203
10806.204
10806.205
10806.301
10806.302
10806.304
10806.306
10806.309
10809.201
10809.301
10811.201
10811.301
10812.201
10812.202
10812.301
10812.302
10813.103
10813.201
10813.202
10813.301
10813.302
10814.103
10814.105
10814.107
10814.201
10814.202
10814.203
10814.204
10814.301
10814.302
10814.304
10814.306
10816.201
10816.301
10817.201
10817.301
10818.201
10818.301
10819.201
10819.301
10820.103
10820.105
10820.107
10820.201
10820.202
10820.203
10820.204
10820.301
10820.302
10820.304
10820.306
10821.103
10821.201
10821.202
10821.301
10821.302
10825.103
10825.105
10825.201
10825.202
10825.203
10825.301
10825.302
10825.304
10826.103
10826.105
10826.107
10826.201
10826.202
10826.203
10826.204
10826.301
10826.302
10826.304
10826.306
10827.103
10827.201
10827.202
10827.301
10827.302
10843.201
10843.301
10844.201
10844.301
10845.103
10845.201
10845.202
10845.301
10845.302
10849.104
10849.201
10849.202
10849.203
10849.301
10849.302
10849.303
10850.102
10850.104
10850.107
10850.201
10850.202
10850.203
10850.204
10850.301
10850.303
10850.305
10850.306
10851.103
10851.105
10851.201
10851.202
10851.203
10851.301
10851.302
10851.304
10852.103
10852.201
10852.202
10852.301
10852.302
10853.201
10853.301
10854.102
10854.104
10854.106
10854.201
10854.202
10854.203
10854.204
10854.301
10854.303
10854.305
10854.307
10855.102
10855.105
10855.107
10855.109
10855.201
10855.202
10855.203
10855.204
10855.205
10855.301
10855.303
10855.304
10855.306
10855.308
10857.201
10857.202
10859.201
10864.101
10864.103
10864.105
10864.201
10864.202
10864.203
10864.204
10864.302
10864.304
10864.306
10865.102
10865.201
10865.202
10865.203
10865.301
10865.303
10866.102
10866.103
10866.105
10866.108
10866.201
10866.202
10866.203
10866.204
10866.301
10866.304
10866.306
10866.307
10868.201
10868.301
10869.103
10869.105
10869.107
10869.109
10869.201
10869.202
10869.203
10869.204
10869.205
10869.301
10869.302
10869.304
10869.306
10869.308
10870.103
10870.104
10870.106
10870.201
10870.202
10870.203
10870.204
10870.301
10870.302
10870.305
10870.307
10871.102
10871.201
10871.202
10871.301
10871.303
10874.101
10874.201
10875.103
10875.105
10875.107
10875.201
10875.202
10875.203
10875.204
10875.301
10875.302
10875.304
10875.306
10876.103
10876.105
10876.106
10876.201
10876.202
10876.203
10876.204
10876.301
10876.302
10876.304
10876.307
10877.103
10877.201
10877.202
10877.203
10877.204
10877.205
10877.301
10877.302
10877.304
10877.307
10878.102
10878.104
10878.106
10878.201
10878.202
10878.203
10878.204
10878.301
10878.303
10878.305
10878.307
10879.201
10879.301
10880.102
10880.201
10880.202
10880.203
10880.301
10880.303
10880.304
10881.103
10881.106
10881.201
10881.202
10881.203
10881.204
10881.301
10881.302
10881.304
10881.305
10884.103
10884.201
10884.202
10884.203
10884.301
10884.302
10884.304
10885.201
10885.202
10885.301
10885.302
10888.207
10888.301
10889.104
10889.106
10889.201
10889.202
10889.203
10889.204
10889.301
10889.302
10889.305
10889.307
10890.103
10890.104
10890.106
10890.109
10890.201
10890.202
10890.203
10890.204
10890.205
10890.301
10890.302
10890.305
10890.307
10892.202
10896.201
10901.201
10901.301
10902.102
10902.201
10902.202
10902.301
10902.303
10903.201
10903.301
10904.103
10904.105
10904.201
10904.202
10904.203
10904.301
10904.302
10904.304
10912.102
10912.201
10912.202
10912.301
10912.303
10918.301
10919.105
10919.106
10919.108
10919.110
10919.201
10919.202
10919.203
10919.204
10919.301
10919.303
10919.307
10919.309
10919.311
10920.102
10920.104
10920.201
10920.202
10920.203
10920.301
10920.303
10920.305
10921.103
10921.105
10921.201
10921.202
10921.203
10921.301
10921.302
10921.304
10924.103
10924.104
10924.106
10924.201
10924.202
10924.203
10924.204
10924.205
10924.206
10924.301
10924.302
10924.305
10924.307
10925.102
10925.104
10925.107
10925.109
10925.201
10925.202
10925.203
10925.204
10925.205
10925.301
10925.303
10925.305
10925.306
10925.308
10926.103
10926.105
10926.107
10926.201
10926.202
10926.203
10926.204
10926.301
10926.302
10926.304
10926.306
10927.201
10927.301
10928.102
10928.103
10928.104
10928.107
10928.201
10928.202
10928.203
10928.204
10928.205
10928.206
10928.207
10928.301
10928.305
10928.306
10929.102
10929.201
10929.202
10929.301
10930.102
10930.104
10930.201
10930.202
10930.203
10930.301
10930.303
10930.305
10932.103
10932.105
10932.209
10932.210
10932.213
10932.215
10932.219
10932.221
10932.222
10932.223
10932.224
10932.301
10932.302
10932.304
10933.101
10933.201
10934.201
10934.301
10935.102
10935.105
10935.107
10935.201
10935.202
10935.203
10935.204
10935.205
10935.301
10935.303
10935.304
10935.306
10936.201
10937.103
10937.105
10937.107
10937.201
10937.202
10937.203
10937.204
10937.301
10937.302
10937.304
10937.306
10938.106
10938.110
10938.205
10938.207
10938.208
10938.210
10938.211
10938.212
10938.213
10938.214
10938.311
10950.201
10950.202
10951.104
10951.106
10951.108
10951.201
10951.202
10951.203
10951.204
10951.205
10951.301
10951.303
10951.305
10951.307
10952.106
10952.108
10952.110
10952.201
10952.202
10952.203
10952.204
10952.304
10952.305
10952.307
10952.309
10953.103
10953.105
10953.107
10953.203
10953.214
10953.222
10953.226
10953.227
10953.228
10953.229
10953.230
10953.301
10953.302
10953.304
10953.306
10954.103
10954.105
10954.107
10954.201
10954.202
10954.203
10954.204
10954.301
10954.302
10954.304
10954.306
10955.103
10955.105
10955.107
10955.201
10955.203
10955.204
10955.205
10955.206
10955.301
10955.302
10955.304
10955.306
10956.102
10956.201
10956.202
10956.203
10956.301
10956.303
10957.102
10957.201
10957.202
10957.301
10957.303
10959.102
10959.104
10959.106
10959.201
10959.202
10959.203
10959.204
10959.301
10959.303
10959.305
10959.307
10960.102
10960.104
10960.106
10960.201
10960.202
10960.203
10960.204
10960.301
10960.303
10960.305
10960.307
10961.102
10961.104
10961.107
10961.201
10961.202
10961.203
10961.204
10961.301
10961.303
10961.305
10961.306
10962.102
10962.104
10962.106
10962.201
10962.202
10962.203
10962.301
10962.303
10962.305
10962.307
10963.103
10963.105
10963.108
10963.201
10963.202
10963.203
10963.204
10963.301
10963.302
10963.310
10963.311
10964.104
10964.106
10964.201
10964.202
10964.203
10964.204
10964.301
10964.302
10964.303
10964.305
10965.201
10965.301
10966.201
10966.301
10967.103
10967.105
10967.107
10967.201
10967.204
10967.205
10967.206
10967.301
10967.302
10967.304
10967.306
10968.103
10968.105
10968.107
10968.201
10968.202
10968.203
10968.204
10968.205
10968.206
10968.301
10968.302
10968.304
10968.306
10969.105
10969.107
10969.109
10969.111
10969.202
10969.210
10969.211
10969.212
10969.213
10969.214
10969.215
10969.216
10969.301
10969.302
10969.308
10969.310
10970.103
10970.105
10970.106
10970.108
10970.201
10970.202
10970.203
10970.204
10970.205
10970.301
10970.302
10970.304
10970.307
10971.103
10971.105
10971.107
10971.201
10971.202
10971.203
10971.204
10971.205
10971.206
10971.301
10971.302
10971.304
10971.306
10972.103
10972.105
10972.107
10972.201
10972.202
10972.203
10972.204
10972.301
10972.302
10972.304
10972.306
10973.103
10973.105
10973.107
10973.201
10973.202
10973.203
10973.204
10973.301
10973.302
10973.304
10973.306
10974.112
10974.114
10974.115
10974.206
10974.210
10974.211
10974.213
10974.214
10974.215
10974.216
10974.217
10974.220
10974.306
10974.307
10977.201
10986.103
10986.104
10986.201
10986.202
10986.203
10986.204
10986.301
10986.302
10986.305
10986.307
10987.105
10987.107
10987.109
10987.201
10987.202
10987.203
10987.204
10987.205
10987.303
10987.304
10987.306
10987.308
10993.101
10993.201
10995.106
10995.108
10995.109
10995.201
10995.202
10995.203
10995.204
10995.302
10995.303
10995.304
10995.305
10995.307
10995.310
10998.102
10998.201
10998.202
10998.301
10998.303
10999.201
10999.202
10999.301
11000.101
11000.201
11001.101
11001.103
11001.104
11001.201
11001.202
11001.203
11001.204
11001.308
11002.107
11002.109
11002.111
11002.201
11002.202
11002.203
11002.204
11002.305
11002.306
11002.308
11002.310
11003.103
11003.104
11003.106
11003.201
11003.202
11003.203
11003.204
11003.205
11003.206
11003.301
11003.302
11003.305
11003.307
11004.103
11004.104
11004.107
11004.201
11004.202
11004.203
11004.204
11004.301
11004.302
11004.305
11004.306
11005.103
11005.105
11005.107
11005.201
11005.202
11005.203
11005.204
11005.301
11005.302
11005.304
11005.306
11006.103
11006.105
11006.107
11006.201
11006.202
11006.203
11006.204
11006.301
11006.302
11006.304
11006.306
11014.101
11014.204
11014.205
11014.302
11014.304
11015.202
11015.302
11016.103
11016.201
11016.202
11016.203
11016.301
11016.302
11016.304
11017.104
11017.201
11017.202
11017.301
11017.302
11019.103
11019.105
11019.201
11019.202
11019.203
11019.301
11019.304
11019.306
11020.201
11020.202
11020.203
11023.201
11026.104
11026.202
11026.203
11026.302
11026.303
11028.103
11028.104
11028.202
11028.203
11028.204
11028.301
11028.305
11029.103
11029.201
11029.202
11029.301
11029.302
11030.103
11030.201
11030.202
11030.301
11030.302
11031.104
11031.201
11031.202
11031.203
11031.204
11031.301
11031.302
11031.303
11032.103
11032.201
11032.202
11032.301
11032.302
11033.201
11061.207
11061.208
11061.229
11061.230
11061.234
11061.244
11061.245
11061.253
11061.255
11062.202
11062.203
11062.302
11062.304
11063.201
11063.204
11063.205
11067.101
11067.201
11068.101
11068.102
11068.103
11068.104
11068.108
11068.201
11068.202
11068.211
11068.311
