10019.101
10019.102
10019.103
10019.104
10019.105
10019.106
10019.107
10019.108
10019.109
10019.110
10019.111
10019.112
10019.113
10019.114
10019.115
10019.116
10019.117
10019.118
10020.101
10020.102
10021.101
10021.102
10029.101
10029.102
10029.103
10029.104
10029.105
10029.106
10029.107
10029.108
10034.002
10034.003
10034.201
10040.001
10040.002
10040.201
10042.001
10042.002
10042.003
10042.004
10042.005
10042.006
10042.207
10045.024
10045.025
10045.026
10045.101
10045.104
10045.105
10045.106
10045.107
10045.108
10045.109
10045.110
10045.112
10045.113
10045.114
10045.115
10045.116
10045.117
10045.118
10045.119
10045.121
10045.122
10045.123
10045.124
10045.125
10045.126
10045.201
10045.202
10045.203
10045.204
10045.205
10045.206
10045.207
10045.208
10045.209
10045.210
10045.211
10045.212
10045.213
10045.214
10045.215
10045.216
10045.217
10045.218
10045.219
10045.220
10045.221
10045.222
10045.223
10045.302
10045.303
10045.311
10045.314
10045.320
10045.327
10045.328
10045.329
10045.330
10045.331
10045.332
10046.006
10046.007
10046.009
10046.016
10046.017
10046.018
10046.019
10046.034
10046.035
10046.040
10046.041
10046.042
10046.043
10046.044
10046.045
10046.046
10046.047
10046.048
10046.051
10046.101
10046.201
10046.202
10046.203
10046.204
10046.205
10046.208
10046.210
10046.211
10046.212
10046.213
10046.214
10046.215
10046.220
10046.221
10046.222
10046.223
10046.224
10046.225
10046.226
10046.227
10046.228
10046.229
10046.230
10046.231
10046.232
10046.233
10046.236
10046.237
10046.238
10046.239
10046.249
10046.250
10049.000
10049.001
10049.202
10049.203
10050.301
10050.302
10062.001
10062.202
10094.101
10094.102
10094.103
10094.104
10094.305
10094.306
10096.201
10096.301
10098.003
10098.201
10098.202
10101.001
10101.202
10102.102
10102.105
10102.106
10102.108
10102.301
10102.303
10102.304
10102.307
10102.309
10104.301
10108.101
10110.001
10110.002
10110.101
10111.001
10111.101
10112.101
10112.201
10112.202
10112.203
10112.204
10112.302
10112.303
10112.304
10112.305
10113.101
10113.201
10113.202
10113.203
10113.204
10113.205
10113.206
10113.302
10113.303
10113.304
10113.305
10113.306
10113.307
10113.308
10113.309
10113.310
10113.311
10117.001
10117.101
10130.000
10130.001
10130.003
10130.004
10130.101
10130.202
10130.302
10130.303
10130.304
10130.305
10143.001
10143.002
10143.003
10143.004
10143.005
10143.206
10143.207
10147.001
10147.002
10147.003
10147.101
10147.204
10147.302
10158.001
10159.001
10159.002
10162.001
10162.002
10162.202
10162.301
10163.202
10176.004
10176.005
10176.006
10176.007
10176.008
10176.009
10176.011
10176.103
10176.107
10176.205
10176.213
10176.303
10176.308
10179.004
10179.012
10179.014
10179.015
10179.016
10179.019
10179.104
10179.107
10179.108
10179.112
10179.113
10179.115
10179.116
10179.119
10179.206
10179.208
10179.218
10179.220
10179.305
10179.317
10179.318
10179.320
10180.002
10180.102
10180.103
10180.104
10180.205
10180.306
10189.203
10189.303
10201.001
10201.101
10201.202
10202.002
10202.003
10202.004
10202.102
10203.001
10203.002
10207.003
10207.004
10207.105
10207.106
10207.205
10207.304
10212.102
10212.301
10213.003
10213.103
10213.204
10213.304
10219.001
10219.002
10219.003
10219.004
10219.005
10219.006
10219.101
10219.102
10219.104
10219.105
10219.207
10219.307
10220.003
10220.004
10220.005
10220.006
10220.101
10220.103
10220.104
10220.105
10220.107
10220.112
10220.208
10220.209
10220.210
10220.212
10220.302
10220.306
10220.308
10220.309
10220.310
10220.311
10220.313
10222.301
10222.302
10222.304
10222.305
10222.306
10222.307
10222.308
10225.002
10225.102
10228.001
10228.002
10228.003
10228.005
10228.007
10228.101
10228.102
10228.103
10228.105
10228.204
10228.206
10228.304
10228.306
10229.101
10229.102
10230.001
10230.003
10230.202
10230.301
10234.002
10234.003
10234.102
10234.103
10238.001
10238.002
10238.003
10238.101
10238.102
10238.103
10238.104
10238.105
10238.106
10238.111
10238.112
10238.113
10238.307
10238.308
10238.309
10238.310
10239.001
10239.101
10240.001
10240.101
10242.003
10242.004
10242.006
10242.205
10242.303
10243.001
10243.002
10243.003
10243.004
10243.005
10245.001
10245.101
10251.105
10251.203
10253.201
10262.001
10262.003
10262.004
10262.005
10262.101
10262.102
10262.103
10262.104
10262.105
10262.107
10262.108
10262.111
10262.202
10262.306
10262.309
10262.310
10262.312
10263.003
10263.103
10264.001
10264.101
10264.102
10264.103
10265.005
10265.023
10272.201
10272.202
10272.301
10272.302
10273.003
10273.103
10273.106
10273.108
10273.201
10273.202
10273.204
10273.301
10273.302
10273.304
10273.305
10273.307
10274.004
10274.104
10275.001
10275.002
10275.101
10275.102
10276.001
10276.002
10276.003
10276.004
10276.005
10276.007
10276.008
10276.009
10276.011
10276.013
10276.101
10276.102
10276.103
10276.104
10276.206
10276.305
10279.001
10279.002
10279.005
10279.102
10279.200
10279.208
10279.210
10280.002
10280.003
10280.004
10280.006
10280.101
10280.102
10280.103
10280.106
10285.002
10287.001
10287.101
10287.102
10287.103
10288.001
10288.002
10288.003
10288.004
10288.101
10288.102
10288.103
10288.104
10289.301
10292.101
10292.102
10293.101
10294.000
10294.001
10294.002
10294.003
10294.005
10294.006
10294.007
10294.008
10294.101
10294.203
10294.204
10294.205
10295.001
10295.002
10295.003
10295.101
10295.102
10295.103
10298.001
10298.002
10298.101
10298.102
10298.103
10298.104
10299.001
10299.002
10299.101
10299.102
10299.104
10299.105
10299.303
10300.001
10300.002
10300.003
10300.004
10300.101
10300.102
10300.103
10300.104
10300.105
10300.306
10301.000
10301.001
10301.003
10301.004
10301.100
10301.101
10301.102
10301.103
10301.200
10301.202
10301.205
10301.300
10301.304
10302.001
10302.101
10302.202
10304.001
10304.003
10304.004
10304.101
10304.104
10304.202
10304.205
10304.302
10304.303
10304.305
10305.001
10305.003
10305.005
10305.007
10305.009
10305.012
10305.014
10305.101
10305.103
10305.105
10305.107
10305.109
10305.111
10305.113
10305.200
10305.202
10305.204
10305.206
10305.208
10305.210
10305.211
10305.213
10305.215
10305.302
10305.304
10305.306
10305.308
10305.310
10305.312
10305.314
10306.000
10306.001
10306.003
10306.100
10306.101
10306.102
10306.103
10306.104
10306.105
10306.200
10306.202
10306.300
10307.001
10307.002
10307.003
10307.004
10307.005
10307.006
10307.007
10307.008
10307.101
10307.102
10307.103
10307.104
10307.105
10307.106
10307.107
10307.108
10307.109
10307.110
10307.111
10308.001
10308.002
10308.003
10308.004
10308.101
10308.102
10308.103
10308.104
10312.001
10312.101
10312.202
10312.302
10313.001
10313.003
10313.101
10313.202
10313.302
10313.303
10315.001
10315.101
10316.001
10316.002
10316.101
10316.102
10319.001
10319.101
10319.202
10319.302
10320.001
10320.003
10320.005
10320.101
10320.103
10320.105
10320.106
10320.107
10320.108
10320.109
10320.110
10320.111
10320.202
10320.204
10320.302
10320.304
10321.001
10321.101
10322.001
10322.002
10322.003
10322.004
10322.101
10322.102
10322.103
10322.104
10322.105
10323.001
10323.101
10324.001
10324.101
10325.001
10325.002
10325.003
10325.004
10325.005
10325.006
10325.101
10325.102
10325.103
10325.104
10325.105
10325.106
10326.001
10326.002
10326.101
10326.102
10326.103
10326.104
10327.001
10327.101
10328.001
10328.002
10328.003
10328.004
10328.101
10328.102
10328.103
10328.205
10328.304
10329.001
10329.101
10329.202
10329.302
10330.001
10330.101
10330.202
10330.302
10331.001
10331.101
10331.202
10331.302
10332.001
10332.002
10332.003
10332.004
10332.005
10332.101
10332.102
10332.103
10332.104
10332.105
10332.206
10332.207
10332.306
10332.307
10333.001
10333.002
10333.003
10333.004
10333.005
10333.101
10333.102
10333.103
10333.104
10333.105
10334.001
10334.002
10334.003
10334.004
10334.101
10334.102
10334.103
10334.104
10335.001
10335.002
10335.003
10335.004
10335.101
10335.102
10335.103
10335.104
10336.001
10336.002
10336.003
10336.004
10336.005
10336.007
10336.008
10336.101
10336.102
10336.103
10336.104
10336.105
10336.107
10336.108
10336.206
10336.306
10337.001
10337.002
10337.003
10337.004
10337.101
10337.102
10337.103
10337.104
10337.205
10337.206
10337.207
10337.305
10337.306
10337.307
10338.001
10338.002
10338.101
10338.102
10339.001
10339.002
10339.101
10339.102
10340.001
10340.002
10340.003
10340.101
10340.102
10340.103
10343.001
10343.101
10344.005
10344.103
10344.104
10344.201
10344.202
10344.203
10344.204
10344.301
10344.302
10345.001
10345.002
10345.003
10345.101
10345.204
10345.302
10346.001
10346.003
10346.007
10346.102
10346.104
10346.108
10346.202
10346.204
10346.205
10346.206
10346.301
10346.303
10346.305
10346.306
10346.307
10348.001
10348.002
10348.005
10348.007
10348.009
10348.101
10348.102
10348.105
10348.107
10348.109
10348.203
10348.204
10348.206
10348.208
10348.303
10348.304
10348.306
10348.308
10350.001
10350.002
10350.101
10350.102
10350.203
10350.303
10353.001
10353.002
10353.102
10353.201
10353.301
10357.001
10357.003
10357.101
10357.103
10357.202
10357.204
10357.302
10357.304
10358.001
10358.003
10358.101
10358.102
10358.202
10358.302
10361.002
10361.004
10361.106
10361.108
10361.201
10361.203
10361.301
10361.302
10361.303
10361.304
10361.305
10361.307
10362.001
10362.003
10362.004
10362.005
10362.102
10362.103
10362.104
10362.105
10362.202
10362.301
10364.002
10364.004
10364.006
10364.008
10364.010
10364.101
10364.103
10364.105
10364.107
10364.109
10364.201
10364.203
10364.205
10364.207
10364.209
10364.301
10364.302
10364.304
10364.306
10364.308
10365.002
10365.102
10365.201
10365.301
10367.001
10368.001
10368.003
10368.005
10368.008
10368.010
10368.101
10368.103
10368.105
10368.108
10368.110
10368.202
10368.204
10368.206
10368.207
10368.209
10368.302
10368.304
10368.306
10368.307
10368.309
10369.002
10369.102
10369.201
10369.301
10371.001
10371.004
10371.006
10371.007
10371.009
10371.102
10371.104
10371.105
10371.107
10371.109
10371.202
10371.203
10371.205
10371.208
10371.210
10371.211
10371.301
10371.303
10371.306
10371.308
10371.310
10371.311
10372.001
10372.003
10372.005
10372.007
10372.101
10372.103
10372.105
10372.202
10372.204
10372.206
10372.208
10372.302
10372.304
10372.306
10373.001
10373.002
10373.004
10373.008
10373.010
10373.012
10373.014
10373.016
10373.101
10373.102
10373.104
10373.108
10373.110
10373.112
10373.114
10373.116
10373.203
10373.205
10373.206
10373.207
10373.209
10373.211
10373.213
10373.215
10373.303
10373.305
10373.306
10373.307
10373.309
10373.311
10373.313
10373.315
10375.001
10375.003
10375.005
10375.007
10375.101
10375.103
10375.105
10375.107
10375.202
10375.204
10375.206
10375.208
10375.302
10375.304
10375.306
10375.308
10377.102
10377.201
10377.202
10377.301
10377.303
10377.304
10377.305
10379.001
10379.003
10379.004
10379.005
10379.202
10379.301
10379.302
10379.303
10379.304
10380.001
10380.002
10380.203
10380.301
10380.302
10380.303
10381.002
10381.004
10381.006
10381.102
10381.104
10381.106
10381.201
10381.203
10381.205
10381.301
10381.303
10381.305
10382.002
10382.004
10382.006
10382.008
10382.009
10382.102
10382.104
10382.106
10382.107
10382.108
10382.201
10382.203
10382.205
10382.207
10382.209
10382.301
10382.303
10382.305
10382.307
10382.309
10383.002
10383.003
10383.005
10383.007
10383.009
10383.010
10383.102
10383.103
10383.104
10383.111
10383.201
10383.204
10383.206
10383.208
10383.211
10383.301
10383.303
10383.304
10383.305
10383.306
10383.307
10383.308
10383.309
10383.310
10384.001
10384.004
10384.007
10384.009
10384.011
10384.012
10384.013
10384.015
10384.017
10384.019
10384.021
10384.022
10384.024
10384.025
10384.026
10384.101
10384.102
10384.108
10384.109
10384.111
10384.114
10384.116
10384.118
10384.120
10384.202
10384.203
10384.205
10384.206
10384.208
10384.210
10384.214
10384.216
10384.218
10384.220
10384.223
10384.303
10384.304
10384.305
10384.306
10384.307
10384.310
10384.312
10384.313
10384.315
10384.317
10384.319
10384.321
10384.322
10390.002
10390.003
10390.101
10390.103
10390.201
10390.204
10390.302
10390.304
10390.305
10392.001
10392.101
10392.202
10392.302
10394.001
10394.003
10394.005
10394.101
10394.103
10394.105
10394.202
10394.204
10394.205
10394.302
10394.304
10394.305
10395.015
10395.118
10395.216
10396.001
10396.101
10396.202
10396.302
10398.001
10398.004
10398.005
10398.007
10398.009
10398.011
10398.101
10398.105
10398.106
10398.108
10398.110
10398.112
10398.202
10398.203
10398.206
10398.208
10398.210
10398.212
10398.302
10398.303
10398.304
10398.307
10398.309
10398.311
10398.313
10399.001
10399.003
10399.005
10399.008
10399.010
10399.012
10399.014
10399.016
10399.018
10399.101
10399.103
10399.104
10399.106
10399.110
10399.112
10399.114
10399.116
10399.118
10399.120
10399.202
10399.204
10399.206
10399.207
10399.209
10399.211
10399.213
10399.215
10399.217
10399.302
10399.305
10399.307
10399.308
10399.309
10399.311
10399.313
10399.315
10399.317
10399.319
10401.002
10401.102
10401.201
10401.301
10402.005
10402.008
10402.010
10402.012
10402.014
10402.016
10402.018
10402.109
10402.111
10402.113
10402.114
10402.116
10402.118
10402.120
10402.122
10402.206
10402.207
10402.209
10402.211
10402.213
10402.215
10402.217
10402.308
10402.310
10402.312
10402.315
10402.317
10402.319
10402.321
10403.002
10403.004
10403.006
10403.008
10403.102
10403.104
10403.106
10403.108
10403.201
10403.203
10403.205
10403.207
10403.301
10403.303
10403.305
10403.307
10404.002
10404.004
10404.006
10404.008
10404.010
10404.012
10404.102
10404.104
10404.106
10404.108
10404.110
10404.112
10404.201
10404.203
10404.205
10404.207
10404.209
10404.211
10404.301
10404.303
10404.305
10404.307
10404.309
10404.311
10405.002
10405.102
10405.201
10405.301
10406.002
10406.102
10406.201
10406.301
10407.002
10407.004
10407.006
10407.008
10407.010
10407.012
10407.014
10407.015
10407.102
10407.104
10407.106
10407.108
10407.110
10407.112
10407.114
10407.201
10407.203
10407.205
10407.207
10407.209
10407.211
10407.213
10407.301
10407.303
10407.305
10407.307
10407.309
10407.311
10407.313
10408.005
10408.007
10408.010
10408.104
10408.106
10408.109
10408.204
10408.206
10408.209
10408.303
10408.305
10408.308
10410.002
10410.103
10410.201
10410.302
10411.002
10411.102
10411.201
10411.301
10412.001
10412.002
10412.005
10412.007
10412.009
10412.011
10412.013
10412.015
10412.018
10412.020
10412.022
10412.101
10412.103
10412.106
10412.109
10412.111
10412.113
10412.115
10412.118
10412.121
10412.123
10412.203
10412.204
10412.206
10412.208
10412.210
10412.212
10412.214
10412.216
10412.217
10412.219
10412.221
10412.302
10412.304
10412.305
10412.307
10412.308
10412.310
10412.312
10412.314
10412.316
10412.317
10412.319
10412.320
10412.322
10413.005
10413.007
10413.104
10413.106
10413.203
10413.204
10413.206
10413.208
10413.303
10413.305
10414.003
10414.005
10414.104
10414.106
10414.202
10414.204
10414.301
10414.302
10414.303
10414.305
10415.001
10415.002
10415.004
10415.007
10415.009
10415.011
10415.014
10415.101
10415.104
10415.105
10415.108
10415.110
10415.112
10415.116
10415.117
10415.203
10415.205
10415.206
10415.208
10415.210
10415.212
10415.213
10415.302
10415.303
10415.304
10415.306
10415.307
10415.309
10415.311
10415.313
10415.314
10415.315
10416.202
10416.203
10416.204
10416.205
10416.206
10416.207
10416.302
10416.303
10416.304
10416.305
10416.306
10416.307
10417.201
10417.202
10417.203
10417.204
10417.205
10417.206
10417.207
10417.301
10417.302
10417.303
10417.304
10417.305
10417.306
10417.307
10418.201
10418.202
10418.203
10418.204
10418.205
10418.206
10418.207
10418.301
10418.302
10418.303
10418.304
10418.305
10418.306
10418.307
10419.201
10419.202
10419.203
10419.204
10419.205
10419.206
10419.207
10419.301
10419.302
10419.303
10419.304
10419.305
10419.306
10419.307
10420.001
10420.101
10420.202
10420.203
10420.204
10420.205
10420.206
10420.207
10420.208
10420.209
10420.302
10420.303
10420.304
10420.305
10420.306
10420.307
10420.308
10420.309
10421.201
10421.202
10421.203
10421.204
10421.301
10421.302
10421.303
10421.304
10422.002
10422.102
10422.201
10422.301
10423.002
10423.102
10423.201
10423.301
10424.002
10424.102
10424.201
10424.301
10425.002
10425.102
10425.201
10425.301
10426.001
10426.003
10426.005
10426.007
10426.101
10426.103
10426.106
10426.108
10426.110
10426.202
10426.204
10426.206
10426.208
10426.302
10426.304
10426.305
10426.307
10426.309
10426.311
10428.001
10428.005
10428.104
10428.105
10428.202
10428.206
10428.207
10428.303
10428.306
10429.003
10429.004
10429.005
10429.008
10429.010
10429.012
10429.013
10429.019
10429.020
10429.022
10429.024
10429.025
10429.107
10429.108
10429.116
10429.117
10429.203
10429.204
10429.205
10429.206
10429.207
10429.209
10429.211
10429.214
10429.215
10429.216
10429.217
10429.218
10429.221
10429.223
10429.226
10429.227
10429.303
10429.304
10429.305
10429.306
10429.307
10429.308
10429.309
10429.310
10429.311
10429.312
10429.313
10429.314
10429.315
10431.002
10431.004
10431.102
10431.104
10431.201
10431.203
10431.301
10431.303
10433.002
10433.004
10433.006
10433.008
10433.009
10433.102
10433.104
10433.106
10433.108
10433.201
10433.203
10433.205
10433.207
10433.301
10433.303
10433.305
10433.307
10434.001
10434.004
10434.006
10434.008
10434.010
10434.012
10434.101
10434.106
10434.108
10434.110
10434.111
10434.112
10434.114
10434.116
10434.117
10434.202
10434.203
10434.205
10434.207
10434.209
10434.211
10434.213
10434.302
10434.303
10434.304
10434.305
10434.307
10434.309
10434.313
10434.315
10434.318
10436.003
10436.004
10436.006
10436.008
10436.010
10436.103
10436.105
10436.107
10436.109
10436.201
10436.202
10436.205
10436.207
10436.209
10436.301
10436.302
10436.304
10436.306
10436.308
10437.002
10437.201
10437.301
10437.302
10438.002
10438.201
10438.301
10439.002
10439.004
10439.006
10439.008
10439.010
10439.011
10439.014
10439.016
10439.018
10439.103
10439.105
10439.106
10439.108
10439.109
10439.112
10439.113
10439.115
10439.117
10439.119
10439.201
10439.203
10439.205
10439.207
10439.209
10439.212
10439.213
10439.215
10439.217
10439.301
10439.302
10439.304
10439.307
10439.310
10439.311
10439.314
10439.316
10439.318
10439.320
10439.321
10440.002
10440.004
10440.201
10440.203
10440.301
10442.002
10442.004
10442.103
10442.201
10442.203
10442.301
10442.302
10443.002
10443.004
10443.103
10443.201
10443.203
10443.205
10443.301
10443.302
10443.304
10446.002
10446.003
10446.102
10446.201
10446.204
10446.301
10446.303
10448.001
10448.005
10448.007
10448.009
10448.011
10448.012
10448.015
10448.101
10448.104
10448.106
10448.108
10448.109
10448.112
10448.202
10448.203
10448.204
10448.206
10448.208
10448.210
10448.213
10448.214
10448.302
10448.303
10448.305
10448.307
10448.310
10448.311
10449.002
10449.004
10449.006
10449.008
10449.010
10449.011
10449.103
10449.105
10449.107
10449.109
10449.110
10449.112
10449.201
10449.203
10449.205
10449.207
10449.209
10449.212
10449.301
10449.302
10449.304
10449.306
10449.308
10449.311
10449.313
10450.001
10450.006
10450.007
10450.008
10450.010
10450.012
10450.014
10450.016
10450.103
10450.106
10450.108
10450.109
10450.110
10450.112
10450.113
10450.114
10450.115
10450.116
10450.117
10450.202
10450.203
10450.204
10450.205
10450.209
10450.211
10450.213
10450.215
10450.217
10450.218
10450.219
10450.220
10450.221
10450.301
10450.302
10450.304
10450.305
10450.307
10450.311
10451.002
10451.004
10451.102
10451.104
10451.201
10451.203
10451.301
10451.303
10453.002
10453.102
10453.201
10453.301
10454.002
10454.005
10454.007
10454.102
10454.105
10454.107
10454.201
10454.203
10454.204
10454.206
10454.301
10454.303
10454.304
10454.306
10455.001
10455.003
10455.005
10455.007
10455.009
10455.011
10455.101
10455.102
10455.104
10455.106
10455.108
10455.109
10455.110
10455.202
10455.204
10455.206
10455.208
10455.210
10455.212
10455.303
10455.305
10455.307
10455.308
10455.311
10456.001
10456.003
10456.005
10456.101
10456.102
10456.104
10456.202
10456.204
10456.206
10456.303
10456.305
10456.306
10458.203
10458.204
10458.206
10458.302
10458.303
10458.305
10459.202
10459.204
10459.302
10459.304
10460.202
10460.302
10461.203
10461.204
10461.205
10461.303
10461.304
10461.306
10462.003
10462.006
10462.104
10462.202
10462.204
10462.205
10462.302
10462.303
10463.003
10463.005
10463.007
10463.009
10463.011
10463.013
10463.015
10463.016
10463.103
10463.105
10463.109
10463.110
10463.112
10463.114
10463.116
10463.202
10463.204
10463.206
10463.208
10463.210
10463.212
10463.214
10463.301
10463.302
10463.304
10463.306
10463.307
10463.308
10463.311
10463.313
10463.315
10464.001
10464.003
10464.004
10464.007
10464.103
10464.104
10464.107
10464.202
10464.205
10464.206
10464.208
10464.301
10464.302
10464.305
10464.306
10465.002
10465.004
10465.006
10465.008
10465.010
10465.012
10465.102
10465.104
10465.106
10465.108
10465.110
10465.112
10465.201
10465.203
10465.205
10465.207
10465.209
10465.211
10465.301
10465.303
10465.305
10465.307
10465.309
10465.311
10467.202
10467.203
10467.204
10467.205
10467.206
10467.207
10467.208
10467.209
10467.211
10467.212
10467.213
10467.214
10467.215
10467.216
10467.217
10467.218
10467.219
10467.220
10467.303
10467.308
10467.309
10467.310
10467.311
10467.312
10467.313
10467.314
10467.315
10467.317
10467.318
10467.319
10467.320
10467.321
10467.322
10467.323
10467.324
10467.325
10467.326
10468.202
10468.204
10468.303
10468.305
10469.001
10469.101
10469.202
10469.302
10470.203
10470.204
10470.205
10470.206
10470.208
10470.303
10470.304
10470.307
10470.308
10470.310
10471.004
10471.006
10471.008
10471.014
10471.016
10471.018
10471.020
10471.021
10471.024
10471.026
10471.104
10471.106
10471.108
10471.111
10471.113
10471.116
10471.118
10471.120
10471.121
10471.124
10471.126
10471.203
10471.205
10471.207
10471.209
10471.210
10471.211
10471.212
10471.213
10471.215
10471.217
10471.219
10471.222
10471.223
10471.225
10471.303
10471.305
10471.307
10471.310
10471.312
10471.314
10471.315
10471.317
10471.319
10471.322
10471.323
10471.325
10472.303
10472.305
10472.306
10473.203
10473.205
10473.206
10473.207
10473.302
10473.304
10473.305
10474.201
10474.203
10474.301
10474.303
10475.201
10475.202
10475.203
10475.204
10475.205
10475.206
10475.207
10475.208
10475.209
10475.210
10475.211
10475.301
10475.302
10475.303
10475.304
10475.305
10475.306
10475.307
10475.308
10475.309
10476.015
10476.016
10476.018
10476.020
10476.022
10476.024
10476.026
10476.028
10476.107
10476.108
10476.110
10476.111
10476.113
10476.115
10476.117
10476.119
10476.201
10476.202
10476.203
10476.204
10476.205
10476.206
10476.207
10476.208
10476.209
10476.210
10476.211
10476.212
10476.213
10476.214
10476.217
10476.219
10476.221
10476.223
10476.225
10476.227
10476.301
10476.302
10476.303
10476.304
10476.305
10476.306
10476.309
10476.312
10476.314
10476.316
10476.318
10477.002
10477.201
10477.301
10478.002
10478.004
10478.005
10478.008
10478.011
10478.013
10478.103
10478.105
10478.107
10478.109
10478.201
10478.203
10478.206
10478.207
10478.209
10478.210
10478.212
10478.301
10478.302
10478.304
10478.306
10478.308
10481.002
10481.201
10481.301
10482.002
10482.004
10482.006
10482.008
10482.010
10482.012
10482.014
10482.103
10482.105
10482.107
10482.109
10482.110
10482.201
10482.203
10482.205
10482.207
10482.209
10482.211
10482.213
10482.301
10482.302
10482.304
10482.306
10482.308
10482.311
10483.002
10483.004
10483.006
10483.008
10483.102
10483.105
10483.107
10483.201
10483.203
10483.205
10483.207
10483.301
10483.303
10483.304
10483.306
10486.002
10486.004
10486.006
10486.007
10486.008
10486.009
10486.012
10486.014
10486.016
10486.103
10486.105
10486.106
10486.109
10486.111
10486.113
10486.201
10486.203
10486.205
10486.210
10486.211
10486.213
10486.215
10486.217
10486.301
10486.302
10486.304
10486.307
10486.308
10486.310
10486.312
10486.314
10487.002
10487.201
10487.301
10488.002
10488.101
10488.201
10488.302
10488.303
10490.002
10490.004
10490.005
10490.008
10490.010
10490.011
10490.103
10490.106
10490.109
10490.111
10490.112
10490.201
10490.203
10490.206
10490.207
10490.209
10490.212
10490.301
10490.302
10490.304
10490.305
10490.307
10490.308
10490.310
10490.313
10492.001
10492.006
10492.008
10492.101
10492.105
10492.107
10492.202
10492.203
10492.204
10492.205
10492.207
10492.302
10492.303
10492.304
10492.306
10493.002
10493.004
10493.104
10493.201
10493.203
10493.301
10493.302
10493.303
10494.002
10494.004
10494.006
10494.008
10494.010
10494.012
10494.102
10494.104
10494.106
10494.108
10494.110
10494.112
10494.201
10494.203
10494.205
10494.207
10494.209
10494.211
10494.301
10494.303
10494.305
10494.307
10494.309
10494.311
10495.002
10495.102
10495.201
10495.301
10496.002
10496.102
10496.201
10496.301
10498.002
10498.102
10498.201
10498.301
10500.002
10500.004
10500.102
10500.104
10500.201
10500.203
10500.301
10500.303
10502.002
10502.004
10502.102
10502.104
10502.201
10502.203
10502.301
10502.303
10505.002
10505.004
10505.006
10505.008
10505.010
10505.012
10505.014
10505.016
10505.018
10505.102
10505.104
10505.106
10505.108
10505.110
10505.112
10505.113
10505.114
10505.115
10505.116
10505.117
10505.119
10505.121
10505.123
10505.201
10505.203
10505.205
10505.207
10505.209
10505.211
10505.213
10505.215
10505.217
10505.301
10505.303
10505.305
10505.307
10505.309
10505.311
10505.318
10505.320
10505.322
10506.002
10506.102
10506.201
10506.301
10507.002
10507.004
10507.006
10507.008
10507.010
10507.012
10507.014
10507.016
10507.018
10507.103
10507.105
10507.107
10507.109
10507.111
10507.113
10507.115
10507.117
10507.201
10507.203
10507.205
10507.207
10507.209
10507.211
10507.213
10507.215
10507.217
10507.301
10507.302
10507.304
10507.306
10507.308
10507.310
10507.312
10507.314
10507.316
10508.002
10508.004
10508.005
10508.006
10508.007
10508.008
10508.009
10508.010
10508.012
10508.013
10508.014
10508.016
10508.019
10508.102
10508.104
10508.106
10508.107
10508.108
10508.109
10508.110
10508.111
10508.112
10508.113
10508.114
10508.201
10508.203
10508.204
10508.205
10508.206
10508.207
10508.209
10508.210
10508.211
10508.212
10508.213
10508.215
10508.217
10508.218
10508.301
10508.303
10508.305
10508.307
10508.309
10508.310
10509.006
10509.008
10509.009
10509.010
10509.011
10509.103
10516.002
10516.102
10516.201
10516.203
10516.301
10516.303
10517.002
10517.004
10517.006
10517.008
10517.010
10517.012
10517.102
10517.104
10517.106
10517.108
10517.110
10517.112
10517.201
10517.203
10517.205
10517.207
10517.209
10517.211
10517.213
10517.214
10517.215
10517.216
10517.217
10517.218
10517.219
10517.301
10517.303
10517.305
10517.307
10517.309
10517.311
10518.101
10518.201
10518.202
10518.203
10518.204
10519.201
10519.202
10519.203
10519.204
10519.205
10519.206
10519.207
10519.208
10519.209
10519.210
10519.211
10519.212
10519.213
10519.301
10519.302
10519.303
10519.304
10519.305
10520.201
10520.202
10520.203
10520.204
10520.301
10521.201
10521.202
10521.203
10521.204
10521.205
10521.206
10521.207
10521.301
10521.302
10521.303
10521.304
10521.305
10521.306
10522.201
10522.202
10522.203
10522.204
10522.205
10522.206
10522.301
10522.302
10522.303
10522.304
10522.305
10522.306
10523.201
10523.202
10523.203
10523.204
10523.205
10523.206
10523.207
10523.301
10523.302
10523.303
10523.304
10523.305
10523.306
10523.307
10523.308
10524.002
10524.102
10524.201
10524.301
10525.002
10525.004
10525.006
10525.008
10525.009
10525.012
10525.102
10525.104
10525.106
10525.108
10525.110
10525.112
10525.201
10525.203
10525.205
10525.207
10525.210
10525.211
10525.301
10525.303
10525.305
10525.307
10525.309
10525.311
10526.002
10526.004
10526.006
10526.008
10526.010
10526.102
10526.104
10526.106
10526.108
10526.110
10526.201
10526.203
10526.205
10526.207
10526.209
10526.211
10526.212
10526.213
10526.214
10526.215
10526.216
10526.217
10526.218
10526.219
10526.220
10526.221
10526.222
10526.223
10526.224
10526.225
10526.226
10526.227
10526.228
10526.229
10526.230
10526.231
10526.232
10526.233
10526.234
10526.301
10526.303
10526.305
10526.307
10526.309
10526.311
10526.312
10526.313
10526.314
10526.315
10526.316
10526.317
10526.318
10526.319
10526.320
10526.321
10526.322
10526.323
10526.324
10526.325
10526.326
10526.327
10527.002
10527.004
10527.006
10527.008
10527.010
10527.012
10527.014
10527.103
10527.106
10527.108
10527.110
10527.112
10527.114
10527.201
10527.203
10527.205
10527.207
10527.209
10527.211
10527.213
10527.301
10527.302
10527.304
10527.305
10527.307
10527.309
10527.311
10527.313
10528.002
10528.004
10528.006
10528.102
10528.104
10528.106
10528.201
10528.203
10528.205
10528.301
10528.303
10528.305
10530.002
10530.201
10530.301
10531.002
10531.003
10531.005
10531.008
10531.010
10531.012
10531.102
10531.103
10531.105
10531.108
10531.110
10531.113
10531.201
10531.204
10531.206
10531.207
10531.209
10531.211
10531.301
10531.304
10531.306
10531.307
10531.309
10531.312
10532.005
10532.007
10532.009
10532.011
10532.012
10532.015
10532.016
10532.106
10532.108
10532.110
10532.112
10532.113
10532.116
10532.117
10532.204
10532.206
10532.208
10532.210
10532.213
10532.214
10532.217
10532.303
10532.304
10532.305
10532.307
10532.309
10532.311
10532.314
10532.315
10532.318
10533.001
10533.004
10533.006
10533.102
10533.104
10533.106
10533.202
10533.203
10533.205
10533.301
10533.303
10533.305
10534.002
10534.004
10534.006
10534.101
10534.201
10534.203
10534.205
10534.302
10535.002
10535.004
10535.005
10535.008
10535.010
10535.012
10535.102
10535.104
10535.105
10535.108
10535.110
10535.112
10535.201
10535.203
10535.206
10535.207
10535.209
10535.211
10535.301
10535.303
10535.306
10535.307
10535.309
10535.311
10536.002
10536.004
10536.007
10536.009
10536.011
10536.013
10536.101
10536.104
10536.106
10536.108
10536.111
10536.112
10536.201
10536.203
10536.205
10536.206
10536.208
10536.210
10536.212
10536.302
10536.303
10536.305
10536.307
10536.309
10536.310
10537.002
10537.103
10537.201
10537.203
10537.204
10537.205
10537.206
10537.207
10537.208
10537.209
10537.210
10537.211
10537.212
10537.213
10537.214
10537.215
10537.216
10537.217
10537.218
10537.219
10537.220
10537.221
10537.222
10537.223
10537.224
10537.225
10537.226
10537.227
10537.228
10537.301
10537.302
10537.304
10537.305
10537.306
10537.307
10537.308
10537.309
10537.310
10537.311
10537.312
10537.313
10537.314
10537.315
10537.316
10537.317
10537.318
10537.319
10537.320
10537.321
10537.322
10537.323
10537.324
10537.325
10537.326
10537.327
10537.328
10537.329
10537.330
10537.331
10537.332
10537.333
10538.201
10538.202
10538.203
10538.301
10538.302
10538.303
10539.201
10539.202
10539.203
10539.204
10539.205
10539.206
10539.207
10539.208
10539.209
10539.210
10539.211
10539.212
10539.213
10539.214
10539.215
10539.301
10539.302
10539.303
10539.304
10539.305
10540.201
10540.202
10540.203
10540.204
10540.205
10540.206
10540.207
10540.208
10540.209
10540.210
10540.301
10540.302
10540.303
10540.304
10540.305
10540.306
10540.307
10541.201
10541.202
10541.203
10541.301
10541.302
10541.303
10542.002
10542.005
10542.007
10542.102
10542.105
10542.107
10542.201
10542.203
10542.204
10542.206
10542.301
10542.303
10542.304
10542.306
10545.002
10545.006
10545.007
10545.102
10545.104
10545.106
10545.201
10545.203
10545.204
10545.205
10545.301
10545.303
10545.305
10555.203
10555.204
10555.205
10555.303
10555.304
10555.305
10556.201
10556.202
10556.203
10556.204
10556.205
10556.206
10556.301
10556.302
10556.303
10556.304
10556.305
10556.306
10557.201
10557.202
10557.203
10557.204
10557.205
10557.206
10557.207
10557.301
10557.302
10557.303
10557.304
10557.305
10557.306
10558.201
10558.202
10558.203
10558.204
10558.205
10558.206
10558.301
10558.302
10558.303
10558.304
10558.305
10559.201
10559.202
10559.203
10559.204
10559.205
10559.301
10559.302
10559.303
10559.304
10559.305
10559.306
10560.201
10560.202
10560.203
10560.204
10560.205
10560.301
10560.302
10560.303
10560.304
10560.305
10561.201
10561.202
10561.203
10561.204
10561.205
10561.206
10561.301
10561.302
10561.303
10561.304
10561.305
10562.201
10562.202
10562.203
10562.204
10562.205
10562.301
10562.302
10562.303
10562.304
10562.305
10563.201
10563.202
10563.203
10563.204
10563.205
10563.301
10563.302
10563.303
10563.304
10563.305
10563.306
10598.001
10598.101
10616.001
10616.003
10616.005
10616.007
10616.101
10616.104
10616.106
10616.108
10616.202
10616.204
10616.206
10616.301
10616.302
10616.303
10616.305
10616.307
10624.001
10624.002
10624.301
10624.302
10625.002
10625.201
10625.301
10625.302
10626.002
10626.102
10626.201
10626.301
10627.002
10627.102
10627.201
10627.301
10629.002
10629.004
10629.006
10629.007
10629.102
10629.104
10629.106
10629.107
10629.201
10629.203
10629.205
10629.208
10629.301
10629.303
10629.305
10629.308
10630.001
10630.003
10630.006
10630.101
10630.104
10630.202
10630.204
10630.205
10630.302
10630.303
10634.003
10634.103
10634.204
10634.304
10636.001
10636.101
10636.202
10636.302
10637.002
10637.004
10637.006
10637.007
10637.102
10637.104
10637.106
10637.107
10637.201
10637.203
10637.205
10637.208
10637.209
10637.301
10637.303
10637.305
10637.308
10639.002
10639.004
10639.006
10639.008
10639.102
10639.103
10639.105
10639.107
10639.108
10639.109
10639.110
10639.112
10639.201
10639.203
10639.205
10639.207
10639.301
10639.304
10639.306
10639.311
10640.002
10640.102
10640.201
10640.301
10641.002
10641.102
10641.201
10641.301
10642.002
10642.004
10642.006
10642.008
10642.102
10642.104
10642.106
10642.201
10642.203
10642.205
10642.207
10642.301
10642.303
10642.305
10643.002
10643.102
10643.201
10643.301
10644.001
10644.002
10644.101
10646.002
10646.004
10646.104
10646.201
10646.203
10646.301
10646.302
10646.303
10647.002
10647.004
10647.006
10647.102
10647.104
10647.106
10647.201
10647.203
10647.205
10647.301
10647.303
10647.305
10651.001
10651.003
10651.005
10651.008
10651.009
10651.011
10651.101
10651.103
10651.106
10651.107
10651.109
10651.202
10651.204
10651.206
10651.207
10651.210
10651.212
10651.302
10651.304
10651.305
10651.308
10651.310
10652.002
10652.004
10652.006
10652.008
10652.009
10652.102
10652.104
10652.106
10652.108
10652.109
10652.201
10652.203
10652.205
10652.207
10652.210
10652.301
10652.303
10652.305
10652.307
10652.310
10654.002
10654.004
10654.006
10654.008
10654.010
10654.102
10654.104
10654.106
10654.108
10654.110
10654.201
10654.203
10654.205
10654.207
10654.209
10654.301
10654.303
10654.305
10654.307
10654.309
10655.003
10655.005
10655.007
10655.009
10655.011
10655.102
10655.104
10655.106
10655.108
10655.110
10655.201
10655.202
10655.204
10655.206
10655.208
10655.210
10655.301
10655.303
10655.305
10655.307
10655.309
10656.002
10656.005
10656.007
10656.009
10656.011
10656.102
10656.105
10656.107
10656.109
10656.111
10656.201
10656.203
10656.204
10656.206
10656.208
10656.210
10656.301
10656.303
10656.304
10656.306
10656.308
10656.310
10657.003
10657.005
10657.102
10657.104
10657.201
10657.202
10657.204
10657.301
10657.303
10659.001
10659.003
10659.102
10659.202
10659.301
10661.001
10661.002
10662.001
10662.002
10662.004
10662.006
10662.008
10662.101
10662.103
10662.105
10662.107
10662.203
10662.205
10662.207
10662.209
10662.302
10662.304
10662.306
10662.308
10663.001
10663.002
10663.005
10663.006
10663.009
10663.101
10663.104
10663.105
10663.108
10663.203
10663.204
10663.207
10663.208
10663.302
10663.303
10663.306
10663.307
10664.002
10664.007
10664.102
10664.106
10664.201
10664.203
10664.208
10664.301
10664.303
10664.307
10665.201
10665.202
10665.203
10666.201
10667.201
10668.003
10668.004
10668.006
10668.009
10668.102
10668.103
10668.105
10668.107
10668.201
10668.202
10668.205
10668.207
10668.208
10668.210
10668.301
10668.304
10668.306
10668.308
10672.001
10672.003
10672.004
10672.005
10672.006
10672.007
10672.008
10672.009
10672.010
10672.011
10672.012
10672.013
10672.014
10672.015
10672.114
10672.202
10672.216
10672.301
10672.302
10672.303
10672.304
10672.305
10672.306
10672.307
10672.308
10672.309
10672.310
10672.311
10672.312
10672.313
10673.001
10673.002
10673.003
10673.004
10673.005
10673.006
10673.007
10673.008
10673.009
10673.010
10673.011
10673.012
10673.013
10673.113
10673.114
10673.214
10673.215
10673.301
10673.302
10673.303
10673.304
10673.305
10673.306
10673.307
10673.308
10673.309
10673.310
10673.311
10673.312
10674.001
10674.003
10674.004
10674.005
10674.006
10674.007
10674.008
10674.017
10674.018
10674.020
10674.021
10674.031
10674.034
10674.101
10674.110
10674.112
10674.113
10674.114
10674.115
10674.116
10674.119
10674.120
10674.122
10674.202
10674.209
10674.210
10674.211
10674.212
10674.213
10674.214
10674.215
10674.216
10674.222
10674.223
10674.224
10674.225
10674.226
10674.227
10674.228
10674.229
10674.230
10674.232
10674.233
10674.302
10674.303
10674.304
10674.305
10674.306
10674.307
10674.308
10674.309
10674.311
10674.317
10674.318
10674.321
10674.323
10680.201
10681.002
10681.003
10681.004
10681.006
10681.008
10681.101
10681.103
10681.105
10681.107
10681.201
10681.205
10681.207
10681.209
10681.302
10681.304
10681.306
10681.308
10682.001
10682.002
10682.003
10682.004
10682.005
10682.007
10682.009
10682.101
10682.103
10682.206
10682.208
10682.210
10682.302
10682.304
10683.002
10683.004
10683.005
10683.008
10683.101
10683.103
10683.106
10683.201
10683.203
10683.206
10683.207
10683.302
10683.304
10683.305
10684.002
10684.003
10684.005
10684.101
10684.103
10684.201
10684.204
10684.206
10684.302
10684.304
10685.001
10685.003
10685.005
10685.008
10685.010
10685.012
10685.014
10685.101
10685.103
10685.104
10685.107
10685.109
10685.202
10685.204
10685.206
10685.207
10685.209
10685.211
10685.213
10685.302
10685.305
10685.306
10685.308
10686.002
10686.005
10686.006
10686.103
10686.104
10686.201
10686.203
10686.204
10686.207
10686.301
10686.302
10686.306
10688.001
10688.003
10688.005
10688.007
10688.010
10688.012
10688.102
10688.103
10688.106
10688.108
10688.202
10688.204
10688.206
10688.208
10688.209
10688.211
10688.301
10688.304
10688.305
10688.307
10689.001
10689.003
10689.005
10689.007
10689.009
10689.010
10689.101
10689.103
10689.105
10689.107
10689.108
10689.202
10689.204
10689.206
10689.208
10689.211
10689.302
10689.304
10689.306
10689.309
10690.001
10690.003
10690.005
10690.007
10690.009
10690.101
10690.103
10690.105
10690.107
10690.202
10690.204
10690.206
10690.208
10690.210
10690.302
10690.304
10690.306
10690.308
10691.002
10691.004
10691.006
10691.008
10691.103
10691.105
10691.201
10691.203
10691.205
10691.207
10691.301
10691.302
10691.304
10692.004
10692.006
10692.008
10692.104
10692.106
10692.108
10692.203
10692.205
10692.207
10692.303
10692.305
10692.307
10693.002
10693.004
10693.005
10693.102
10693.103
10693.201
10693.203
10693.206
10693.301
10693.304
10695.001
10695.003
10695.005
10695.009
10695.101
10695.103
10695.105
10695.202
10695.204
10695.206
10695.207
10695.208
10695.210
10695.302
10695.304
10695.306
10696.001
10696.003
10696.006
10696.009
10696.011
10696.101
10696.104
10696.106
10696.108
10696.202
10696.204
10696.205
10696.207
10696.208
10696.210
10696.302
10696.303
10696.305
10696.307
10700.002
10700.004
10700.005
10700.007
10700.010
10700.102
10700.103
10700.105
10700.108
10700.201
10700.203
10700.206
10700.208
10700.209
10700.301
10700.304
10700.306
10700.307
10701.002
10701.201
10701.301
10702.002
10702.004
10702.007
10702.103
10702.105
10702.201
10702.203
10702.205
10702.206
10702.301
10702.302
10702.304
10703.002
10703.004
10703.006
10703.102
10703.104
10703.201
10703.203
10703.205
10703.301
10703.303
10704.002
10704.004
10704.007
10704.010
10704.013
10704.014
10704.015
10704.103
10704.105
10704.108
10704.111
10704.201
10704.203
10704.205
10704.206
10704.208
10704.209
10704.211
10704.212
10704.301
10704.302
10704.304
10704.306
10704.307
10704.309
10704.310
10705.002
10705.004
10705.103
10705.201
10705.203
10705.301
10705.302
10706.002
10706.004
10706.006
10706.008
10706.010
10706.103
10706.105
10706.107
10706.109
10706.201
10706.203
10706.205
10706.207
10706.209
10706.301
10706.302
10706.304
10706.306
10706.308
10707.001
10707.202
10707.301
10708.001
10708.003
10708.005
10708.008
10708.103
10708.106
10708.202
10708.204
10708.206
10708.207
10708.301
10708.302
10708.304
10708.305
10711.001
10711.004
10711.008
10711.012
10711.102
10711.103
10711.105
10711.107
10711.202
10711.203
10711.207
10711.211
10711.301
10711.304
10711.306
10711.308
10712.002
10712.003
10712.004
10712.006
10712.007
10712.103
10712.105
10712.106
10712.109
10712.201
10712.205
10712.301
10712.302
10712.304
10712.307
10712.308
10713.001
10713.002
10713.003
10713.004
10713.102
10713.103
10713.105
10713.107
10713.301
10713.304
10713.306
10713.308
10715.001
10715.006
10715.101
10715.103
10715.202
10715.203
10715.204
10715.207
10715.302
10715.304
10717.001
10717.002
10717.102
10717.301
10717.303
10719.001
10719.002
10719.102
10719.301
10719.303
10720.001
10720.002
10720.102
10720.301
10720.303
10724.008
10724.101
10724.302
10727.001
10727.002
10727.102
10727.301
10727.303
10728.001
10728.101
10729.001
10729.002
10729.003
10729.004
10729.005
10729.106
10729.301
10729.302
10729.303
10729.304
10729.305
10730.002
10730.005
10730.008
10730.103
10730.203
10730.204
10730.206
10730.207
10730.301
10730.302
10731.002
10731.006
10731.007
10731.009
10731.201
10731.205
10731.208
10731.301
10731.302
10732.002
10732.004
10732.006
10732.008
10732.010
10732.011
10732.103
10732.105
10732.107
10732.108
10732.201
10732.203
10732.205
10732.207
10732.209
10732.301
10732.302
10732.304
10732.306
10732.309
10736.002
10736.201
10736.301
10737.003
10737.202
10737.301
10738.001
10744.001
10744.003
10744.102
10744.202
10744.204
10744.301
10744.303
10746.002
10746.003
10746.005
10746.008
10746.010
10746.012
10746.102
10746.103
10746.107
10746.109
10746.111
10746.113
10746.201
10746.204
10746.206
10746.207
10746.209
10746.211
10746.304
10746.305
10746.306
10746.308
10746.310
10746.312
10747.002
10747.004
10747.201
10747.203
10747.301
10748.002
10748.004
10748.006
10748.008
10748.010
10748.103
10748.105
10748.107
10748.109
10748.201
10748.203
10748.205
10748.207
10748.209
10748.301
10748.302
10748.304
10748.306
10748.308
10749.003
10749.005
10749.103
10749.201
10749.202
10749.204
10749.301
10749.302
10752.003
10752.202
10752.301
10753.002
10753.004
10753.005
10753.007
10753.009
10753.103
10753.104
10753.106
10753.108
10753.201
10753.203
10753.206
10753.208
10753.210
10753.301
10753.302
10753.305
10753.307
10753.309
10754.001
10754.003
10754.005
10754.007
10754.009
10754.101
10754.102
10754.104
10754.106
10754.109
10754.202
10754.204
10754.206
10754.208
10754.210
10754.303
10754.305
10754.307
10754.308
10754.310
10755.001
10755.003
10755.005
10755.106
10755.108
10755.110
10755.202
10755.204
10755.206
10755.305
10755.307
10755.309
10755.311
10756.001
10756.003
10756.005
10756.114
10756.117
10756.118
10756.121
10756.202
10756.204
10756.206
10756.301
10756.302
10756.303
10756.304
10756.306
10756.308
10756.310
10756.313
10756.315
10756.316
10756.319
10756.320
10756.322
10758.001
10758.004
10758.006
10758.008
10758.010
10758.101
10758.104
10758.106
10758.107
10758.108
10758.202
10758.203
10758.205
10758.207
10758.209
10758.302
10758.303
10758.305
10759.002
10759.004
10759.006
10759.008
10759.101
10759.102
10759.103
10759.104
10759.105
10759.201
10759.203
10759.205
10759.207
10761.002
10761.004
10761.006
10761.102
10761.105
10761.107
10761.201
10761.203
10761.205
10761.301
10761.303
10761.304
10761.306
10761.308
10763.002
10763.004
10763.006
10763.008
10763.010
10763.103
10763.104
10763.107
10763.109
10763.201
10763.203
10763.205
10763.207
10763.209
10763.301
10763.302
10763.305
10763.306
10763.308
10764.002
10764.004
10764.006
10764.008
10764.010
10764.103
10764.105
10764.107
10764.109
10764.201
10764.203
10764.205
10764.207
10764.209
10764.301
10764.302
10764.304
10764.306
10764.308
10765.002
10765.004
10765.006
10765.009
10765.011
10765.103
10765.105
10765.107
10765.109
10765.201
10765.203
10765.205
10765.207
10765.208
10765.210
10765.301
10765.302
10765.304
10765.306
10765.308
10770.002
10770.201
10770.301
10773.002
10773.004
10773.006
10773.008
10773.010
10773.103
10773.105
10773.107
10773.108
10773.201
10773.203
10773.205
10773.207
10773.209
10773.211
10773.301
10773.302
10773.304
10773.306
10777.002
10777.003
10777.005
10777.007
10777.009
10777.011
10777.103
10777.105
10777.107
10777.109
10777.201
10777.204
10777.206
10777.208
10777.210
10777.301
10777.302
10777.304
10777.306
10777.308
10778.001
10778.002
10778.106
10778.204
10778.205
10778.206
10778.209
10778.211
10778.302
10778.303
10778.304
10778.305
10779.201
10779.301
10780.201
10780.301
10781.103
10781.105
10781.107
10781.201
10781.202
10781.203
10781.204
10781.301
10781.302
10781.304
10781.306
10782.006
10782.103
10782.104
10782.105
10782.106
10782.111
10782.112
10782.201
10782.202
10782.203
10782.204
10782.205
10782.301
10782.302
10782.307
10782.308
10782.309
10782.310
10783.102
10783.105
10783.107
10783.109
10783.201
10783.202
10783.203
10783.204
10783.205
10783.301
10783.303
10783.304
10783.306
10783.308
10783.310
10784.103
10784.105
10784.107
10784.109
10784.201
10784.202
10784.203
10784.204
10784.205
10784.301
10784.302
10784.304
10784.306
10784.308
10785.102
10785.103
10785.106
10785.108
10785.201
10785.202
10785.203
10785.204
10785.205
10785.301
10785.304
10785.305
10785.307
10786.104
10786.106
10786.107
10786.109
10786.201
10786.202
10786.203
10786.204
10786.205
10786.301
10786.302
10786.303
10786.305
10786.308
10786.310
10789.103
10789.104
10789.107
10789.201
10789.202
10789.203
10789.204
10789.301
10789.302
10789.304
10789.305
10789.306
10790.103
10790.105
10790.107
10790.108
10790.201
10790.202
10790.203
10790.204
10790.205
10790.301
10790.302
10790.304
10790.306
10790.309
10791.101
10791.104
10791.106
10791.201
10791.202
10791.203
10791.204
10791.302
10791.303
10791.305
10795.103
10795.106
10795.108
10795.110
10795.112
10795.114
10795.305
10795.307
10795.309
10795.311
10795.313
10798.101
10798.201
10798.202
10798.203
10798.302
10798.303
10799.201
10799.202
10799.203
10799.301
10799.302
10800.103
10800.105
10800.107
10800.108
10800.109
10800.201
10800.202
10800.203
10800.204
10800.205
10800.301
10800.302
10800.304
10800.306
10800.310
10806.103
10806.105
10806.107
10806.108
10806.201
10806.202
10806.203
10806.204
10806.205
10806.301
10806.302
10806.304
10806.306
10806.309
10807.301
10807.303
10807.306
10807.309
10807.310
10807.311
10809.201
10809.301
10811.201
10811.301
10812.201
10812.202
10812.301
10812.302
10813.103
10813.201
10813.202
10813.301
10813.302
10814.103
10814.105
10814.107
10814.201
10814.202
10814.203
10814.204
10814.301
10814.302
10814.304
10814.306
10816.201
10816.301
10817.201
10817.301
10818.201
10818.301
10819.201
10819.301
10820.103
10820.105
10820.107
10820.201
10820.202
10820.203
10820.204
10820.301
10820.302
10820.304
10820.306
10821.103
10821.201
10821.202
10821.301
10821.302
10825.103
10825.105
10825.107
10825.201
10825.202
10825.203
10825.204
10825.301
10825.302
10825.304
10825.306
10826.103
10826.105
10826.107
10826.201
10826.202
10826.203
10826.204
10826.301
10826.302
10826.304
10826.306
10827.103
10827.201
10827.202
10827.301
10827.302
10843.201
10843.301
10844.201
10844.301
10845.103
10845.201
10845.202
10845.301
10845.302
10849.104
10849.201
10849.202
10849.203
10849.301
10849.302
10849.303
10850.102
10850.104
10850.107
10850.201
10850.202
10850.203
10850.204
10850.301
10850.303
10850.305
10850.306
10851.103
10851.105
10851.201
10851.202
10851.203
10851.301
10851.302
10851.304
10852.103
10852.201
10852.202
10852.301
10852.302
10853.201
10853.301
10854.102
10854.104
10854.106
10854.201
10854.202
10854.203
10854.204
10854.301
10854.303
10854.305
10854.307
10855.102
10855.105
10855.107
10855.109
10855.201
10855.202
10855.203
10855.204
10855.205
10855.301
10855.303
10855.304
10855.306
10855.308
10857.201
10857.202
10859.101
10859.201
10859.302
10864.101
10864.103
10864.105
10864.201
10864.202
10864.203
10864.204
10864.302
10864.304
10864.306
10865.102
10865.201
10865.202
10865.203
10865.301
10865.303
10866.102
10866.103
10866.105
10866.108
10866.201
10866.202
10866.203
10866.204
10866.301
10866.304
10866.306
10866.307
10867.201
10867.301
10868.201
10868.301
10869.103
10869.105
10869.107
10869.109
10869.201
10869.202
10869.203
10869.204
10869.205
10869.301
10869.302
10869.304
10869.306
10869.308
10870.103
10870.104
10870.106
10870.201
10870.202
10870.203
10870.204
10870.301
10870.302
10870.305
10870.307
10871.102
10871.201
10871.202
10871.301
10871.303
10874.101
10874.201
10875.103
10875.105
10875.107
10875.201
10875.202
10875.203
10875.204
10875.301
10875.302
10875.304
10875.306
10876.103
10876.105
10876.106
10876.201
10876.202
10876.203
10876.204
10876.301
10876.302
10876.304
10876.307
10877.103
10877.105
10877.106
10877.108
10877.201
10877.202
10877.203
10877.204
10877.205
10877.301
10877.302
10877.304
10877.307
10878.102
10878.104
10878.106
10878.201
10878.202
10878.203
10878.204
10878.301
10878.303
10878.305
10878.307
10879.201
10879.301
10880.102
10880.105
10880.201
10880.202
10880.203
10880.301
10880.303
10880.304
10881.103
10881.106
10881.201
10881.202
10881.203
10881.204
10881.300
10881.301
10881.302
10881.304
10881.305
10884.103
10884.201
10884.202
10884.203
10884.301
10884.302
10884.304
10885.201
10885.202
10885.301
10885.302
10888.202
10888.203
10888.204
10888.205
10888.206
10888.207
10888.301
10889.103
10889.104
10889.106
10889.201
10889.202
10889.203
10889.204
10889.301
10889.302
10889.305
10889.307
10890.103
10890.104
10890.106
10890.109
10890.201
10890.202
10890.203
10890.204
10890.205
10890.301
10890.302
10890.305
10890.307
10890.308
10892.202
10894.201
10896.201
10901.201
10901.301
10902.102
10902.201
10902.202
10902.301
10902.303
10903.201
10903.301
10904.103
10904.105
10904.201
10904.202
10904.203
10904.301
10904.302
10904.304
10904.306
10912.102
10912.201
10912.202
10912.301
10912.303
10918.301
10919.102
10919.105
10919.106
10919.108
10919.110
10919.201
10919.202
10919.203
10919.204
10919.301
10919.303
10919.307
10919.309
10919.311
10920.102
10920.104
10920.201
10920.202
10920.203
10920.301
10920.303
10920.305
10921.103
10921.105
10921.201
10921.202
10921.203
10921.301
10921.302
10921.304
10924.103
10924.104
10924.106
10924.201
10924.202
10924.203
10924.204
10924.205
10924.206
10924.301
10924.302
10924.305
10924.307
10925.102
10925.104
10925.107
10925.109
10925.201
10925.202
10925.203
10925.204
10925.205
10925.301
10925.303
10925.305
10925.306
10925.308
10926.103
10926.105
10926.107
10926.201
10926.202
10926.203
10926.204
10926.301
10926.302
10926.304
10926.306
10927.201
10927.301
10928.102
10928.103
10928.104
10928.107
10928.201
10928.202
10928.203
10928.204
10928.205
10928.206
10928.207
10928.301
10928.305
10928.306
10929.102
10929.201
10929.202
10929.301
10930.102
10930.104
10930.201
10930.202
10930.203
10930.301
10930.303
10930.305
10932.103
10932.105
10932.202
10932.203
10932.204
10932.205
10932.206
10932.207
10932.208
10932.209
10932.210
10932.211
10932.212
10932.213
10932.214
10932.215
10932.216
10932.217
10932.218
10932.219
10932.220
10932.221
10932.222
10932.223
10932.224
10932.301
10932.302
10932.304
10933.101
10933.201
10934.201
10934.301
10935.102
10935.105
10935.107
10935.201
10935.202
10935.203
10935.204
10935.205
10935.301
10935.303
10935.304
10935.306
10936.201
10936.301
10937.103
10937.105
10937.107
10937.201
10937.202
10937.203
10937.204
10937.301
10937.302
10937.304
10937.306
10938.103
10938.105
10938.106
10938.110
10938.112
10938.203
10938.204
10938.205
10938.206
10938.207
10938.208
10938.209
10938.210
10938.211
10938.212
10938.213
10938.214
10938.215
10938.301
10938.302
10938.304
10938.307
10938.311
10941.202
10943.202
10943.302
10944.202
10944.302
10945.201
10945.301
10946.202
10946.203
10946.302
10946.303
10946.304
10947.201
10947.202
10947.203
10947.204
10947.205
10949.202
10949.203
10949.303
10949.304
10950.103
10950.104
10950.106
10950.201
10950.202
10950.301
10950.302
10950.305
10951.104
10951.106
10951.108
10951.201
10951.202
10951.203
10951.204
10951.205
10951.301
10951.302
10951.303
10951.305
10951.307
10952.103
10952.106
10952.108
10952.110
10952.201
10952.202
10952.203
10952.204
10952.301
10952.302
10952.304
10952.305
10952.307
10952.309
10953.103
10953.105
10953.107
10953.202
10953.203
10953.204
10953.205
10953.206
10953.207
10953.208
10953.209
10953.210
10953.211
10953.212
10953.213
10953.214
10953.215
10953.216
10953.217
10953.218
10953.219
10953.220
10953.221
10953.222
10953.223
10953.224
10953.225
10953.226
10953.227
10953.228
10953.229
10953.230
10953.301
10953.302
10953.304
10953.306
10954.103
10954.105
10954.107
10954.201
10954.202
10954.203
10954.204
10954.301
10954.302
10954.304
10954.306
10955.103
10955.105
10955.107
10955.201
10955.202
10955.203
10955.204
10955.205
10955.206
10955.301
10955.302
10955.304
10955.306
10956.102
10956.201
10956.202
10956.203
10956.301
10956.303
10957.102
10957.201
10957.202
10957.301
10957.303
10959.102
10959.104
10959.106
10959.201
10959.202
10959.203
10959.204
10959.301
10959.303
10959.305
10959.307
10960.102
10960.104
10960.106
10960.201
10960.202
10960.203
10960.204
10960.301
10960.303
10960.305
10960.307
10961.102
10961.104
10961.107
10961.201
10961.202
10961.203
10961.204
10961.301
10961.303
10961.305
10961.306
10962.102
10962.104
10962.106
10962.201
10962.202
10962.203
10962.204
10962.301
10962.303
10962.305
10962.307
10963.103
10963.105
10963.108
10963.201
10963.202
10963.203
10963.204
10963.301
10963.302
10963.304
10963.306
10963.309
10963.310
10963.311
10964.104
10964.106
10964.201
10964.202
10964.203
10964.204
10964.301
10964.302
10964.303
10964.305
10965.201
10965.301
10966.201
10966.301
10967.103
10967.105
10967.107
10967.201
10967.204
10967.205
10967.206
10967.301
10967.302
10967.304
10967.306
10968.103
10968.105
10968.107
10968.201
10968.202
10968.203
10968.204
10968.205
10968.206
10968.301
10968.302
10968.304
10968.306
10969.103
10969.104
10969.105
10969.106
10969.107
10969.109
10969.111
10969.202
10969.203
10969.204
10969.205
10969.206
10969.207
10969.208
10969.209
10969.210
10969.211
10969.212
10969.213
10969.214
10969.215
10969.216
10969.301
10969.302
10969.308
10969.310
10970.103
10970.105
10970.106
10970.108
10970.201
10970.202
10970.203
10970.204
10970.205
10970.301
10970.302
10970.304
10970.307
10971.103
10971.105
10971.107
10971.201
10971.202
10971.203
10971.204
10971.205
10971.206
10971.301
10971.302
10971.304
10971.306
10972.103
10972.105
10972.107
10972.201
10972.202
10972.203
10972.204
10972.301
10972.302
10972.304
10972.306
10973.103
10973.105
10973.107
10973.201
10973.202
10973.203
10973.204
10973.301
10973.302
10973.304
10973.306
10974.109
10974.112
10974.114
10974.115
10974.116
10974.202
10974.203
10974.204
10974.205
10974.206
10974.207
10974.208
10974.209
10974.210
10974.211
10974.212
10974.213
10974.214
10974.215
10974.216
10974.217
10974.218
10974.219
10974.220
10974.301
10974.302
10974.303
10974.304
10974.305
10974.306
10974.307
10974.308
10974.310
10974.311
10974.313
10974.317
10974.318
10976.201
10976.203
10977.201
10977.203
10977.204
10978.201
10978.202
10979.202
10979.203
10979.204
10979.205
10979.206
10980.201
10980.202
10980.203
10980.204
10981.201
10981.202
10981.203
10986.103
10986.104
10986.106
10986.201
10986.202
10986.203
10986.204
10986.301
10986.302
10986.305
10986.307
10987.105
10987.107
10987.109
10987.201
10987.202
10987.203
10987.204
10987.205
10987.303
10987.304
10987.306
10987.308
10989.201
10989.202
10989.203
10993.101
10993.201
10995.106
10995.108
10995.109
10995.201
10995.202
10995.203
10995.204
10995.301
10995.302
10995.303
10995.304
10995.305
10995.307
10995.310
10998.102
10998.201
10998.202
10998.301
10998.303
10999.201
10999.202
10999.301
10999.302
11000.101
11000.201
11001.101
11001.103
11001.104
11001.107
11001.110
11001.201
11001.202
11001.203
11001.204
11001.302
11001.305
11001.308
11002.104
11002.107
11002.109
11002.111
11002.201
11002.202
11002.203
11002.204
11002.305
11002.306
11002.308
11002.310
11003.103
11003.104
11003.106
11003.108
11003.201
11003.202
11003.203
11003.204
11003.205
11003.206
11003.207
11003.208
11003.301
11003.302
11003.305
11003.307
11004.103
11004.104
11004.107
11004.201
11004.202
11004.203
11004.204
11004.301
11004.302
11004.305
11004.306
11005.103
11005.105
11005.107
11005.201
11005.202
11005.203
11005.204
11005.301
11005.302
11005.304
11005.306
11006.103
11006.105
11006.107
11006.201
11006.202
11006.203
11006.204
11006.301
11006.302
11006.304
11006.306
11014.004
11014.101
11014.103
11014.104
11014.204
11014.205
11014.302
11014.304
11015.202
11015.302
11016.103
11016.201
11016.202
11016.203
11016.301
11016.302
11016.304
11017.103
11017.104
11017.201
11017.202
11017.301
11017.302
11019.102
11019.103
11019.105
11019.201
11019.202
11019.203
11019.301
11019.304
11019.306
11020.103
11020.105
11020.201
11020.202
11020.203
11020.301
11020.302
11020.304
11023.102
11023.103
11023.106
11023.108
11023.201
11023.203
11023.301
11023.304
11023.305
11026.104
11026.202
11026.203
11026.302
11026.303
11028.005
11028.103
11028.104
11028.202
11028.203
11028.204
11028.301
11028.302
11028.305
11029.103
11029.201
11029.202
11029.301
11029.302
11030.103
11030.201
11030.202
11030.301
11030.302
11031.104
11031.201
11031.202
11031.203
11031.204
11031.301
11031.302
11031.303
11032.103
11032.201
11032.202
11032.301
11032.302
11033.201
11035.204
11038.202
11039.202
11039.203
11039.204
11039.205
11040.201
11040.202
11040.203
11040.204
11040.206
11041.201
11041.203
11041.204
11041.205
11042.201
11042.202
11042.203
11043.201
11043.202
11043.204
11043.205
11044.201
11044.202
11044.203
11044.204
11045.201
11045.202
11045.204
11045.205
11045.206
11045.207
11045.208
11045.209
11045.210
11045.211
11061.202
11061.203
11061.204
11061.205
11061.206
11061.207
11061.208
11061.209
11061.210
11061.211
11061.212
11061.213
11061.214
11061.215
11061.216
11061.217
11061.218
11061.219
11061.220
11061.221
11061.222
11061.223
11061.224
11061.225
11061.226
11061.227
11061.228
11061.229
11061.230
11061.231
11061.232
11061.233
11061.234
11061.236
11061.237
11061.238
11061.239
11061.240
11061.241
11061.242
11061.243
11061.244
11061.245
11061.246
11061.247
11061.248
11061.249
11061.250
11061.251
11061.252
11061.253
11061.254
11061.255
11061.256
11061.257
11061.258
11061.259
11061.260
11061.261
11061.262
11062.202
11062.203
11062.204
11062.205
11062.206
11062.207
11062.208
11062.209
11062.210
11062.211
11062.212
11062.302
11062.303
11062.304
11062.305
11062.306
11062.307
11062.308
11062.309
11062.310
11063.201
11063.202
11063.203
11063.204
11063.205
11063.206
11063.301
11063.302
11063.303
11067.101
11067.201
11068.101
11068.102
11068.103
11068.104
11068.105
11068.106
11068.107
11068.108
11068.109
11068.110
11068.201
11068.202
11068.203
11068.204
11068.205
11068.206
11068.207
11068.208
11068.209
11068.210
11068.211
11068.311
11068.312
11068.313
