10046.006
10046.007
10046.040
10046.041
10046.042
10046.043
10046.044
10046.047
10046.048
10046.205
10046.208
10046.239
10046.249
10101.001
10101.202
10102.108
10102.309
10104.301
10112.302
10112.303
10112.305
10113.311
10117.001
10130.003
10130.202
10147.101
10147.204
10180.104
10213.003
10213.103
10219.004
10219.006
10220.005
10220.209
10225.002
10228.001
10228.002
10228.003
10228.005
10228.007
10228.101
10228.102
10228.105
10228.204
10228.206
10228.306
10234.002
10234.003
10234.103
10238.111
10243.002
10243.003
10262.001
10262.004
10262.102
10262.103
10262.105
10262.107
10262.108
10262.202
10262.310
10262.312
10265.023
10272.201
10272.202
10272.301
10272.302
10273.103
10273.106
10273.108
10273.201
10273.301
10273.302
10273.304
10273.305
10273.307
10274.004
10274.104
10275.001
10275.101
10276.001
10276.002
10276.004
10276.005
10276.101
10276.103
10276.104
10276.206
10276.305
10279.001
10279.005
10279.208
10280.002
10280.003
10280.004
10280.006
10280.102
10280.103
10280.106
10288.001
10288.002
10288.003
10288.004
10288.101
10288.103
10288.104
10292.101
10292.102
10293.101
10294.001
10294.002
10294.008
10294.101
10294.203
10294.204
10294.205
10295.002
10295.003
10295.101
10295.102
10298.001
10298.002
10299.001
10299.002
10299.104
10299.105
10300.001
10300.002
10300.003
10300.004
10300.101
10300.102
10300.103
10300.104
10300.105
10300.306
10301.003
10301.004
10301.102
10301.103
10301.205
10301.304
10302.001
10302.101
10302.202
10304.001
10304.003
10304.004
10304.101
10304.202
10304.205
10304.302
10304.303
10304.305
10305.001
10305.003
10305.005
10305.007
10305.014
10305.101
10305.103
10305.105
10305.107
10305.109
10305.111
10305.113
10305.202
10305.204
10305.206
10305.208
10305.213
10305.215
10305.302
10305.304
10305.306
10305.308
10305.310
10305.312
10305.314
10306.101
10306.102
10306.105
10307.007
10307.008
10307.108
10307.109
10307.110
10308.001
10308.002
10308.101
10308.104
10313.003
10313.101
10313.202
10313.302
10313.303
10315.001
10315.101
10316.001
10316.002
10316.101
10319.001
10319.302
10320.101
10320.107
10320.111
10320.202
10321.001
10322.001
10322.002
10322.003
10322.004
10322.105
10323.001
10323.101
10324.001
10324.101
10325.001
10325.002
10325.003
10325.005
10325.101
10325.102
10325.103
10325.104
10325.105
10325.106
10326.001
10326.002
10326.103
10327.001
10327.101
10328.001
10328.002
10328.003
10328.101
10328.102
10328.103
10328.205
10329.001
10329.101
10329.202
10329.302
10330.001
10330.101
10330.202
10330.302
10331.001
10331.101
10331.202
10331.302
10332.001
10332.004
10332.101
10332.102
10332.104
10332.206
10332.207
10332.306
10332.307
10333.001
10333.002
10333.101
10334.001
10334.101
10335.001
10335.002
10335.004
10335.101
10335.102
10335.104
10336.001
10336.002
10336.004
10336.007
10336.101
10336.102
10336.103
10336.104
10336.107
10336.108
10336.206
10336.306
10337.001
10337.002
10337.004
10337.101
10337.102
10337.104
10337.205
10337.305
10338.001
10338.002
10338.101
10338.102
10339.001
10339.002
10339.101
10339.102
10340.001
10340.002
10340.003
10340.101
10340.102
10340.103
10343.001
10343.101
10344.203
10344.204
10345.001
10345.002
10345.003
10345.101
10345.204
10345.302
10346.001
10346.003
10346.007
10346.102
10346.104
10346.108
10346.202
10346.204
10346.205
10346.206
10346.303
10346.305
10346.306
10346.307
10348.001
10348.002
10348.005
10348.007
10348.009
10348.101
10348.102
10348.105
10348.107
10348.109
10348.203
10348.204
10348.206
10348.208
10348.303
10348.304
10348.306
10348.308
10350.002
10350.102
10350.203
10350.303
10353.002
10353.102
10353.201
10353.301
10357.001
10357.003
10357.103
10357.202
10357.304
10358.001
10358.003
10358.101
10358.102
10358.202
10358.302
10361.002
10361.004
10361.106
10361.108
10361.201
10361.203
10361.305
10361.307
10362.001
10362.102
10362.202
10362.301
10364.002
10364.004
10364.101
10364.103
10364.105
10364.107
10364.109
10364.201
10364.203
10364.205
10364.207
10364.209
10364.301
10364.302
10364.304
10364.306
10364.308
10365.002
10365.102
10365.201
10365.301
10368.001
10368.003
10368.005
10368.008
10368.010
10368.101
10368.103
10368.105
10368.108
10368.110
10368.202
10368.204
10368.206
10368.207
10368.209
10368.302
10368.304
10368.306
10368.307
10368.309
10369.002
10369.102
10369.201
10369.301
10371.001
10371.004
10371.007
10371.009
10371.102
10371.104
10371.105
10371.107
10371.109
10371.202
10371.203
10371.205
10371.208
10371.211
10371.301
10371.303
10371.306
10371.308
10373.002
10373.004
10373.008
10373.010
10373.012
10373.014
10373.016
10373.102
10373.104
10373.108
10373.110
10373.112
10373.114
10373.116
10373.203
10373.205
10373.206
10373.207
10373.209
10373.211
10373.213
10373.215
10373.303
10373.305
10373.306
10373.307
10373.309
10373.311
10373.313
10373.315
10375.001
10375.003
10375.005
10375.101
10375.103
10375.105
10375.107
10375.202
10375.204
10375.206
10375.208
10375.302
10375.304
10375.306
10375.308
10377.102
10377.201
10377.202
10377.301
10377.303
10377.304
10377.305
10379.001
10379.003
10379.004
10379.005
10379.202
10379.301
10379.302
10379.303
10379.304
10380.001
10380.002
10380.203
10380.301
10380.302
10380.303
10381.002
10381.004
10381.006
10381.102
10381.104
10381.106
10381.201
10381.203
10381.205
10381.301
10381.303
10381.305
10382.002
10382.004
10382.006
10382.008
10382.009
10382.102
10382.104
10382.106
10382.107
10382.108
10382.201
10382.203
10382.205
10382.207
10382.209
10382.301
10382.303
10382.305
10382.307
10382.309
10383.003
10383.005
10383.009
10383.102
10383.103
10383.104
10383.111
10383.201
10383.204
10383.206
10383.211
10383.301
10383.303
10383.304
10383.305
10383.306
10383.307
10383.308
10383.309
10383.310
10384.009
10384.013
10384.017
10384.019
10384.022
10384.024
10384.025
10384.026
10384.101
10384.108
10384.114
10384.120
10384.203
10384.205
10384.220
10384.223
10384.303
10384.304
10384.306
10384.307
10390.002
10390.101
10390.201
10390.204
10390.302
10390.304
10392.001
10392.101
10392.202
10392.302
10394.001
10394.005
10394.103
10394.105
10394.202
10394.302
10394.305
10395.015
10395.118
10395.216
10396.001
10396.101
10396.202
10396.302
10398.001
10398.004
10398.005
10398.101
10398.105
10398.106
10398.108
10398.110
10398.112
10398.202
10398.203
10398.206
10398.208
10398.212
10398.302
10398.303
10398.304
10398.307
10398.309
10398.311
10398.313
10399.001
10399.003
10399.005
10399.010
10399.016
10399.018
10399.101
10399.103
10399.104
10399.106
10399.110
10399.112
10399.114
10399.116
10399.118
10399.120
10399.202
10399.204
10399.206
10399.209
10399.302
10399.305
10399.307
10399.308
10399.309
10399.311
10399.313
10399.315
10399.317
10399.319
10401.002
10401.102
10401.201
10401.301
10402.005
10402.008
10402.010
10402.012
10402.014
10402.016
10402.109
10402.111
10402.114
10402.116
10402.118
10402.120
10402.122
10402.206
10402.207
10402.209
10402.211
10402.308
10402.310
10402.312
10402.315
10402.317
10402.319
10402.321
10403.002
10403.004
10403.006
10403.008
10403.102
10403.104
10403.106
10403.108
10403.201
10403.203
10403.205
10403.207
10403.301
10403.303
10403.305
10403.307
10404.002
10404.004
10404.006
10404.008
10404.010
10404.102
10404.108
10404.112
10404.201
10404.203
10404.205
10404.209
10404.211
10404.301
10404.305
10404.307
10404.309
10404.311
10405.002
10405.102
10405.201
10405.301
10406.002
10406.102
10406.201
10406.301
10407.002
10407.004
10407.006
10407.008
10407.102
10407.104
10407.106
10407.108
10407.110
10407.112
10407.201
10407.203
10407.205
10407.207
10407.211
10407.213
10407.301
10407.303
10407.305
10407.307
10407.309
10408.005
10408.007
10408.010
10408.104
10408.106
10408.109
10408.204
10408.206
10408.209
10408.303
10408.305
10408.308
10410.002
10410.103
10410.201
10410.302
10411.002
10411.102
10411.201
10411.301
10412.002
10412.007
10412.009
10412.011
10412.015
10412.020
10412.101
10412.103
10412.106
10412.109
10412.111
10412.113
10412.115
10412.118
10412.121
10412.123
10412.204
10412.206
10412.208
10412.210
10412.212
10412.214
10412.217
10412.219
10412.302
10412.304
10412.305
10412.307
10412.308
10412.310
10412.312
10412.314
10412.316
10412.317
10412.319
10412.320
10412.322
10413.005
10413.007
10413.104
10413.204
10413.206
10413.208
10413.303
10413.305
10414.003
10414.005
10414.104
10414.106
10414.202
10414.204
10414.301
10414.302
10414.303
10414.305
10415.001
10415.002
10415.007
10415.009
10415.014
10415.101
10415.104
10415.105
10415.108
10415.110
10415.117
10415.205
10415.206
10415.208
10415.210
10415.213
10415.302
10415.304
10415.306
10415.307
10415.309
10415.311
10415.313
10415.314
10420.001
10420.101
10420.202
10420.302
10421.201
10421.301
10422.002
10422.102
10422.201
10422.301
10423.002
10423.102
10423.201
10423.301
10424.002
10424.102
10424.201
10424.301
10425.002
10425.102
10425.201
10425.301
10426.001
10426.003
10426.005
10426.007
10426.101
10426.103
10426.106
10426.110
10426.202
10426.204
10426.206
10426.208
10426.302
10426.304
10426.305
10426.307
10426.309
10426.311
10428.001
10428.005
10428.105
10428.202
10428.206
10428.207
10428.303
10428.306
10429.005
10429.008
10429.010
10429.013
10429.019
10429.020
10429.022
10429.107
10429.108
10429.116
10429.117
10429.209
10429.211
10429.214
10429.215
10429.216
10429.217
10429.218
10429.223
10429.227
10429.303
10429.304
10429.305
10429.306
10429.308
10429.310
10429.311
10429.312
10429.313
10429.314
10429.315
10431.002
10431.004
10431.102
10431.104
10431.201
10431.203
10431.301
10431.303
10433.002
10433.006
10433.008
10433.009
10433.102
10433.104
10433.106
10433.108
10433.201
10433.205
10433.207
10433.301
10433.303
10433.305
10433.307
10434.001
10434.012
10434.101
10434.106
10434.108
10434.110
10434.111
10434.112
10434.114
10434.116
10434.117
10434.202
10434.203
10434.205
10434.209
10434.211
10434.213
10434.302
10434.303
10434.304
10434.305
10434.307
10434.309
10434.315
10434.318
10436.003
10436.004
10436.006
10436.105
10436.107
10436.201
10436.202
10436.205
10436.207
10436.301
10436.302
10436.304
10436.306
10436.308
10437.002
10437.201
10437.301
10437.302
10438.002
10438.201
10438.301
10439.002
10439.004
10439.006
10439.010
10439.011
10439.014
10439.018
10439.103
10439.105
10439.106
10439.108
10439.109
10439.112
10439.113
10439.115
10439.117
10439.119
10439.201
10439.203
10439.205
10439.207
10439.209
10439.212
10439.213
10439.215
10439.301
10439.302
10439.304
10439.310
10439.311
10439.314
10439.316
10439.318
10439.320
10439.321
10440.002
10440.004
10440.201
10440.203
10440.301
10442.002
10442.004
10442.103
10442.201
10442.203
10442.301
10442.302
10443.002
10443.004
10443.103
10443.201
10443.203
10443.205
10443.301
10443.302
10443.304
10446.002
10446.003
10446.102
10446.201
10446.204
10446.301
10446.303
10448.001
10448.005
10448.007
10448.009
10448.011
10448.012
10448.101
10448.104
10448.106
10448.108
10448.109
10448.112
10448.202
10448.203
10448.204
10448.206
10448.208
10448.210
10448.213
10448.214
10448.302
10448.303
10448.305
10448.307
10448.310
10448.311
10449.002
10449.004
10449.008
10449.010
10449.103
10449.105
10449.107
10449.109
10449.110
10449.112
10449.201
10449.203
10449.205
10449.207
10449.301
10449.302
10449.304
10449.306
10449.308
10449.313
10450.001
10450.006
10450.007
10450.008
10450.010
10450.014
10450.016
10450.103
10450.106
10450.110
10450.112
10450.114
10450.115
10450.116
10450.117
10450.202
10450.203
10450.204
10450.205
10450.209
10450.211
10450.213
10450.215
10450.217
10450.218
10450.219
10450.301
10450.302
10450.304
10450.305
10450.307
10450.311
10451.002
10451.004
10451.102
10451.104
10451.201
10451.203
10451.301
10451.303
10453.002
10453.102
10453.201
10453.301
10454.002
10454.005
10454.102
10454.105
10454.107
10454.201
10454.203
10454.204
10454.301
10454.303
10454.304
10454.306
10455.001
10455.003
10455.005
10455.007
10455.011
10455.101
10455.102
10455.104
10455.106
10455.109
10455.110
10455.202
10455.204
10455.210
10455.212
10455.303
10455.305
10455.307
10455.308
10455.311
10456.001
10456.003
10456.005
10456.101
10456.102
10456.104
10456.202
10456.204
10456.303
10456.306
10459.202
10462.003
10462.104
10462.202
10462.302
10462.303
10463.003
10463.005
10463.007
10463.009
10463.011
10463.013
10463.015
10463.016
10463.103
10463.105
10463.109
10463.110
10463.112
10463.114
10463.116
10463.202
10463.204
10463.206
10463.208
10463.212
10463.214
10463.301
10463.302
10463.304
10463.306
10463.307
10463.308
10463.311
10463.313
10463.315
10464.001
10464.003
10464.004
10464.103
10464.104
10464.107
10464.202
10464.205
10464.301
10464.302
10464.305
10464.306
10465.002
10465.004
10465.006
10465.008
10465.010
10465.102
10465.104
10465.106
10465.108
10465.110
10465.112
10465.201
10465.203
10465.205
10465.207
10465.209
10465.211
10465.301
10465.303
10465.305
10465.307
10465.309
10465.311
10467.202
10467.208
10470.308
10471.004
10471.014
10471.016
10471.018
10471.020
10471.021
10471.024
10471.026
10471.116
10471.118
10471.121
10471.124
10471.126
10471.203
10471.205
10471.212
10471.213
10471.215
10471.217
10471.219
10471.222
10471.223
10471.225
10471.314
10471.315
10471.317
10471.319
10471.322
10471.323
10471.325
10473.302
10474.301
10476.016
10476.018
10476.020
10476.022
10476.024
10476.026
10476.028
10476.107
10476.108
10476.110
10476.111
10476.113
10476.115
10476.117
10476.119
10476.202
10476.214
10476.217
10476.219
10476.221
10476.223
10476.225
10476.227
10476.301
10476.305
10476.306
10476.309
10476.312
10476.314
10476.316
10476.318
10477.002
10477.201
10477.301
10478.002
10478.004
10478.005
10478.008
10478.011
10478.013
10478.103
10478.105
10478.107
10478.109
10478.201
10478.203
10478.206
10478.207
10478.209
10478.210
10478.212
10478.301
10478.302
10478.304
10478.306
10478.308
10481.002
10481.201
10482.002
10482.004
10482.006
10482.008
10482.010
10482.012
10482.103
10482.105
10482.107
10482.109
10482.110
10482.201
10482.203
10482.205
10482.207
10482.209
10482.211
10482.213
10482.301
10482.302
10482.304
10482.306
10482.308
10482.311
10483.002
10483.004
10483.006
10483.008
10483.102
10483.105
10483.107
10483.201
10483.203
10483.205
10483.207
10483.301
10483.303
10483.304
10483.306
10486.002
10486.004
10486.006
10486.008
10486.009
10486.012
10486.014
10486.103
10486.105
10486.106
10486.109
10486.111
10486.113
10486.201
10486.203
10486.205
10486.210
10486.211
10486.213
10486.215
10486.217
10486.301
10486.302
10486.304
10486.307
10486.308
10486.310
10486.312
10486.314
10487.002
10487.201
10487.301
10488.002
10488.201
10488.302
10488.303
10490.002
10490.004
10490.005
10490.008
10490.010
10490.011
10490.103
10490.106
10490.109
10490.111
10490.112
10490.201
10490.203
10490.206
10490.207
10490.209
10490.212
10490.301
10490.305
10490.307
10490.308
10490.310
10490.313
10492.001
10492.006
10492.008
10492.101
10492.105
10492.107
10492.202
10492.203
10492.204
10492.205
10492.207
10492.302
10492.303
10492.304
10492.306
10493.002
10493.004
10493.104
10493.201
10493.203
10493.302
10493.303
10494.002
10494.004
10494.006
10494.010
10494.012
10494.102
10494.104
10494.106
10494.108
10494.110
10494.112
10494.201
10494.203
10494.205
10494.207
10494.209
10494.211
10494.301
10494.303
10494.305
10494.307
10494.309
10494.311
10495.002
10495.102
10495.201
10495.301
10496.002
10496.102
10496.201
10496.301
10498.002
10498.102
10498.201
10498.301
10500.002
10500.004
10500.102
10500.104
10500.201
10500.203
10500.301
10500.303
10502.002
10502.004
10502.102
10502.104
10502.201
10502.203
10502.301
10502.303
10505.002
10505.004
10505.006
10505.008
10505.010
10505.012
10505.014
10505.016
10505.018
10505.102
10505.104
10505.106
10505.108
10505.110
10505.114
10505.117
10505.119
10505.121
10505.123
10505.201
10505.203
10505.205
10505.207
10505.209
10505.211
10505.213
10505.215
10505.217
10505.301
10505.303
10505.305
10505.307
10505.309
10505.311
10505.318
10505.320
10505.322
10506.002
10506.102
10506.201
10506.301
10507.002
10507.004
10507.006
10507.008
10507.010
10507.012
10507.014
10507.016
10507.018
10507.103
10507.105
10507.107
10507.109
10507.111
10507.113
10507.115
10507.117
10507.201
10507.203
10507.205
10507.207
10507.209
10507.211
10507.213
10507.215
10507.217
10507.301
10507.302
10507.304
10507.306
10507.308
10507.310
10507.312
10507.314
10507.316
10508.002
10508.004
10508.005
10508.006
10508.007
10508.008
10508.010
10508.012
10508.014
10508.016
10508.019
10508.102
10508.104
10508.106
10508.107
10508.108
10508.109
10508.110
10508.111
10508.112
10508.113
10508.114
10508.201
10508.203
10508.204
10508.206
10508.207
10508.209
10508.210
10508.211
10508.212
10508.213
10508.215
10508.301
10508.303
10508.305
10508.309
10508.310
10516.102
10516.201
10516.203
10516.303
10517.002
10517.004
10517.006
10517.008
10517.010
10517.012
10517.102
10517.104
10517.106
10517.108
10517.110
10517.112
10517.201
10517.203
10517.205
10517.209
10517.211
10517.301
10517.303
10517.305
10517.307
10517.309
10517.311
10519.202
10519.203
10519.204
10519.205
10519.209
10519.213
10520.201
10520.204
10521.201
10521.202
10521.206
10521.301
10521.305
10522.201
10522.205
10522.301
10522.305
10523.201
10523.205
10523.301
10523.306
10524.002
10524.102
10524.201
10524.301
10525.002
10525.004
10525.006
10525.008
10525.009
10525.012
10525.102
10525.104
10525.106
10525.110
10525.112
10525.201
10525.203
10525.205
10525.207
10525.210
10525.211
10525.301
10525.303
10525.305
10525.307
10525.311
10526.002
10526.004
10526.006
10526.008
10526.010
10526.102
10526.104
10526.110
10526.201
10526.203
10526.205
10526.207
10526.209
10526.301
10526.307
10526.309
10526.312
10527.002
10527.004
10527.006
10527.008
10527.010
10527.012
10527.014
10527.103
10527.106
10527.108
10527.110
10527.112
10527.114
10527.201
10527.203
10527.205
10527.207
10527.209
10527.211
10527.213
10527.302
10527.304
10527.305
10527.307
10527.309
10527.311
10527.313
10528.002
10528.004
10528.006
10528.102
10528.104
10528.106
10528.201
10528.203
10528.205
10528.301
10528.303
10528.305
10530.002
10530.201
10530.301
10531.002
10531.003
10531.005
10531.008
10531.010
10531.012
10531.102
10531.103
10531.105
10531.108
10531.110
10531.113
10531.201
10531.204
10531.206
10531.207
10531.209
10531.211
10531.301
10531.304
10531.306
10531.307
10531.309
10531.312
10532.007
10532.009
10532.011
10532.012
10532.015
10532.016
10532.108
10532.110
10532.112
10532.113
10532.116
10532.117
10532.204
10532.206
10532.208
10532.210
10532.214
10532.217
10532.303
10532.304
10532.307
10532.309
10532.311
10532.314
10532.315
10532.318
10533.001
10533.006
10533.106
10533.202
10533.205
10533.305
10534.002
10534.004
10534.006
10534.101
10534.201
10534.203
10534.205
10535.002
10535.004
10535.005
10535.008
10535.010
10535.012
10535.102
10535.104
10535.105
10535.108
10535.110
10535.112
10535.201
10535.203
10535.206
10535.207
10535.209
10535.211
10535.301
10535.303
10535.306
10535.307
10535.309
10535.311
10536.002
10536.004
10536.007
10536.009
10536.011
10536.013
10536.101
10536.104
10536.106
10536.108
10536.201
10536.203
10536.205
10536.206
10536.208
10536.210
10536.212
10536.302
10536.303
10536.305
10536.307
10537.002
10537.103
10537.201
10537.203
10537.204
10537.206
10537.222
10537.306
10537.308
10537.322
10537.329
10537.330
10537.331
10537.332
10538.201
10538.301
10538.302
10538.303
10539.201
10539.202
10539.203
10539.204
10539.205
10539.206
10539.207
10539.208
10539.209
10539.210
10539.211
10539.212
10539.213
10539.214
10539.301
10539.302
10539.303
10539.304
10539.305
10540.201
10540.202
10540.203
10540.204
10540.206
10540.207
10540.208
10540.209
10540.301
10540.302
10540.303
10540.304
10540.305
10540.306
10541.201
10541.202
10541.203
10541.301
10541.302
10541.303
10542.002
10542.005
10542.007
10542.102
10542.105
10542.107
10542.201
10542.203
10542.204
10542.206
10542.301
10542.303
10542.304
10545.002
10545.006
10545.007
10545.102
10545.104
10545.106
10545.201
10545.203
10545.204
10545.205
10545.301
10545.303
10555.203
10555.304
10556.201
10556.202
10556.204
10556.205
10556.302
10556.304
10557.201
10557.206
10557.302
10557.306
10558.201
10558.301
10559.201
10559.204
10559.301
10560.201
10560.301
10561.202
10561.203
10561.301
10562.202
10562.301
10563.202
10563.205
10563.302
