10460.202
10461.203
10461.204
10461.205
10462.003
10462.006
10462.202
10462.204
10462.205
10463.003
10463.005
10463.007
10463.009
10463.011
10463.013
10463.015
10463.016
10463.202
10463.204
10463.206
10463.208
10463.210
10463.212
10463.214
10464.001
10464.003
10464.004
10464.007
10464.202
10464.205
10464.206
10464.208
10465.002
10465.004
10465.006
10465.008
10465.010
10465.012
10465.201
10465.203
10465.205
10465.207
10465.209
10465.211
10467.202
10467.203
10467.204
10467.205
10467.206
10467.207
10467.208
10467.209
10467.211
10467.212
10467.213
10467.214
10467.215
10467.216
10467.217
10467.218
10467.219
10467.220
10468.202
10468.204
10469.001
10469.202
10470.203
10470.204
10470.205
10470.206
10470.208
10471.004
10471.006
10471.008
10471.014
10471.016
10471.018
10471.020
10471.021
10471.024
10471.026
10471.203
10471.205
10471.207
10471.209
10471.210
10471.211
10471.212
10471.213
10471.215
10471.217
10471.219
10471.222
10471.223
10471.225
10473.203
10473.205
10473.206
10473.207
10474.201
10474.203
10475.201
10475.202
10475.203
10475.204
10475.205
10475.206
10475.207
10475.208
10475.209
10475.210
10475.211
10476.015
10476.016
10476.018
10476.020
10476.022
10476.024
10476.026
10476.028
10476.201
10476.202
10476.203
10476.204
10476.205
10476.206
10476.207
10476.208
10476.209
10476.210
10476.211
10476.212
10476.213
10476.214
10476.217
10476.219
10476.221
10476.223
10476.225
10476.227
10477.002
10477.201
10478.002
10478.004
10478.005
10478.008
10478.011
10478.013
10478.201
10478.203
10478.206
10478.207
10478.209
10478.210
10478.212
