18533.001
18533.002
18535.102
18555.001
18555.002
18555.003
18555.004
18555.005
18555.006
18555.007
18555.008
18555.009
18555.010
18555.011
18555.012
18555.013
18555.014
18555.015
18555.016
18555.017
18555.018
18555.019
18555.020
18555.021
18555.022
18555.023
18555.024
18555.025
18555.026
18555.027
18555.028
18555.029
18555.201
18555.202
18555.203
18555.204
18555.205
18555.206
18555.207
18555.208
18555.209
18555.210
18555.211
18555.212
18555.213
18555.214
18555.215
18555.216
18555.217
18555.218
18555.219
18555.220
18555.221
18555.222
18555.223
18555.224
18555.225
18555.226
18555.227
18555.228
18557.201
18557.202
18567.201
18571.001
18571.002
18571.003
18571.004
18571.005
18571.006
18571.007
18571.008
18571.009
18571.010
18571.011
18571.012
18571.013
18571.014