14940.001
14941.001
14941.101
14941.002
14944.201
14944.001
14944.301
14944.002
14944.302
14945.301
14945.001
14946.301
14946.302
14946.303
14946.001
14946.201
14946.202
14946.304
14946.305
14946.101
14946.002
14946.003
14951.001
14951.101
14951.301
14951.201
14958.001
14958.201
14958.101
14958.002
14958.003
14958.102
14961.301
14962.301
14962.302
14962.303
14962.001
14964.301
14964.302
14964.201
14964.101
14964.303
14964.304
14970.101
14970.001
14971.001
14971.101
14972.001
14972.101
14972.102
14972.002
14983.101
14983.001
14986.001
14986.002
14986.003
14986.004
14986.101
14986.005
14987.001
14987.002
14987.101
14988.001
14989.001
14989.002
14989.101
14989.003
14989.102
14990.001
14990.002
14990.003
14990.004
14990.101
14990.005
14990.102
14991.001
14991.101
