15418.305
15418.304
15418.303
15418.302
15418.301
15418.204
15418.203
15418.202
15418.201
15418.106
15418.105
15418.104
15418.103
15418.102
15418.101
15418.007
15418.006
15418.005
15418.004
15418.003
15418.002
15418.001
15417.304
15417.303
15417.302
15417.301
15417.205
15417.204
15417.203
15417.202
15417.201
15417.107
15417.106
15417.105
15417.104
15417.103
15417.102
15417.101
15417.006
15417.005
15417.004
15417.003
15417.002
15417.001
15416.305
15416.304
15416.303
15416.302
15416.301
15416.205
15416.204
15416.203
15416.202
15416.201
15416.105
15416.104
15416.103
15416.102
15416.101
15416.005
15416.004
15416.003
15416.002
15416.001
15415.304
15415.303
15415.302
15415.301
15415.203
15415.202
15415.201
15415.103
15415.102
15415.101
15415.003
15415.002
15415.001
