16516.216
16516.215
16516.214
16516.213
16516.212
16516.211
16516.210
16516.209
16516.208
16516.207
16516.206
16516.205
16516.204
16516.203
16516.202
16516.201
16515.205
16515.005
16515.107
16515.204
16515.106
16515.004
16515.105
16515.203
16515.104
16515.103
16515.003
16515.202
16515.002
16515.102
16515.101
16515.001
16515.201
16514.205
16514.113
16514.005
16514.005
16514.204
16514.112
16514.004
16514.111
16514.110
16514.109
16514.108
16514.107
16514.106
16514.105
16514.203
16514.003
16514.104
16514.103
16514.202
16514.002
16514.301
16514.102
16514.101
16514.201
16514.001
16513.103
16513.102
16513.101
16513.002
16513.001
16513.301
16512.305
16512.304
16512.303
16512.302
16512.301
16512.105
16512.005
16512.104
16512.004
16512.103
16512.003
16512.102
16512.002
16512.101
16512.001
16511.106
16511.005
16511.105
16511.004
16511.104
16511.003
16511.103
16511.002
16511.102
16511.101
16511.001
16509.105
16509.005
16509.104
16509.004
16509.103
16509.003
16509.102
16509.002
16509.101
16509.001
16508.102
16508.002
16508.101
16508.001
16507.105
16507.005
16507.104
16507.004
16507.003
16507.103
16507.302
16507.102
16507.002
16507.101
16507.301
16507.001
16506.111
16506.007
16506.110
16506.006
16506.005
16506.109
16506.108
16506.004
16506.003
16506.002
16506.001
16506.107
16506.106
16506.105
16506.104
16506.103
16506.102
16506.101
16505.106
16505.005
16505.105
16505.104
16505.004
16505.103
16505.003
16505.102
16505.002
16505.101
16505.001
16504.004
16504.104
16504.103
16504.003
16504.102
16504.002
16504.101
16504.001
16503.101
16503.001
16502.106
16502.005
16502.105
16502.004
16502.104
16502.103
16502.003
16502.102
16502.002
16502.101
16502.001
