14900.301
14900.302
14900.303
14900.001
14900.002
14900.201
14900.003
14900.202
14900.304
14900.101
14900.102
14900.004
14900.203
14900.103
14901.001
14901.201
14901.002
14906.101
14906.001
14906.201
14906.002
14906.202
14911.301
14924.301
14924.101
14924.001
14924.201
14924.002
14924.003
14924.004
14924.302
14924.202
14926.301
14927.201
14927.301
14927.302
14927.001
14930.001
14930.201
14930.101
14930.301
14930.002
14930.202
14930.203
14930.102
14930.302
14930.303
14930.304
14930.305
14930.306
14930.307
14930.308
14930.309
14930.310
14930.311
14930.312
14930.313
14930.314
14930.315
14930.316
14930.317
14930.318
14930.103
14930.319
14930.003
14930.204
14930.320
14930.104
14930.321
14930.322
14930.323
14930.324
14930.105
14930.325
14930.326
14930.327
14930.328
14930.329
14934.101
14934.201
14934.202
14934.001
14934.102
14934.203
14934.002
14934.103
14934.003
14934.204
14934.104
14934.301
14934.302
14934.303
14934.304
14934.305
14934.306
14934.307
14934.308
14934.309
14934.310
14934.311
14934.004
14934.205
14934.005
14934.312
14934.313
14934.314
14934.315
14934.316
14934.317
14934.318
14934.319
14934.320
14934.006
14934.206
14934.007
14934.207
14934.105
14934.106
14934.321
14934.322
14934.323
14934.324
14934.325
14934.008
14934.208
14934.209
14934.009
14934.107
14934.108
14934.210
14934.211
14934.212
14934.213
14934.214
14938.001
14938.002
14938.201
14940.001
14941.001
14941.101
14941.002
14944.201
14944.001
14944.301
14944.002
14944.302
14945.301
14945.001
14946.301
14946.302
14946.303
14946.001
14946.201
14946.202
14946.304
14946.305
14946.101
14946.002
14946.003
14951.001
14951.101
14951.301
14951.201
14958.001
14958.201
14958.101
14958.002
14958.003
14958.102
14961.301
14962.301
14962.302
14962.303
14962.001
14964.301
14964.302
14964.201
14964.101
14964.303
14964.304
14970.101
14970.001
14971.001
14971.101
14972.001
14972.101
14972.102
14972.002
14983.101
14983.001
14986.001
14986.002
14986.003
14986.004
14986.101
14986.005
14987.001
14987.002
14987.101
14988.001
14989.001
14989.002
14989.101
14989.003
14989.102
14990.001
14990.002
14990.003
14990.004
14990.101
14990.005
14990.102
14991.001
14991.101
15001.001
15001.101
15001.002
15001.102
15001.003
15001.103
15001.004
15001.301
15001.201
15002.001
15002.201
15002.301
15002.101
15002.302
15002.202
15002.102
15002.002
15003.001
15003.101
15004.001
15004.101
15004.002
15004.201
15004.102
15004.003
15004.202
15004.301
15005.201
15005.301
15005.202
15005.302
15005.101
15005.001
15006.201
15006.301
15006.101
15006.001
15006.202
15006.302
15006.203
15006.303
15006.102
15006.002
15006.204
15006.304
15006.205
15006.305
15006.103
15006.003
15007.101
15007.001
15007.201
15007.301
15007.102
15007.002
15007.202
15007.302
15007.003
15007.103
15007.203
15007.303
15007.104
15007.204
15007.304
15007.205
15007.305
15007.105
15007.004
15007.306
15007.106
15007.005
15007.206
15007.307
15014.101
15014.001
15014.102
15014.002
15014.103
15014.003
15015.101
15015.001
15015.102
15015.002
15015.003
15015.103
15015.104
15015.004
15015.201
15015.301
15016.001
15016.101
15016.002
15016.102
15016.003
15016.103
15019.001
15019.201
15019.202
15019.002
15019.003
15019.301
15019.101
15019.203
15019.302
15019.102
15019.004
15021.101
15021.001
15021.201
15021.301
15022.101
15022.001
15022.002
15022.102
15022.003
15022.103
15022.201
15022.301
15022.302
15022.202
15029.001
15029.002
15029.301
15029.302
15029.003
15031.001
15031.301
15032.001
15032.301
15039.001
15039.301
15039.002
15039.003
15039.302
15040.001
15040.301
15041.001
15041.301
15042.001
15042.301
15043.001
15043.301
15043.002
15043.302
15044.001
15044.301
15044.302
15044.002
15044.303
15044.003
15044.004
15044.304
15044.005
15044.305
15049.301
15049.001
15049.002
15049.302
15049.003
15049.303
15049.304
15051.001
15051.301
15051.002
15051.302
15051.003
15057.001
15057.301
15058.001
15060.301
15063.001
15063.301
15063.002
15063.302
15063.003
15063.303
15064.301
15079.001
15079.301
15079.002
15079.302
15080.001
15080.301
15080.302
15080.303
15080.304
15080.002
15080.003
15080.305
15080.004
15080.306
15080.307
15080.308
15080.309
15080.005
15080.006
15080.007
15081.001
15081.002
15081.003
15081.004
15081.005
15081.006
15081.007
15081.008
15081.009
15081.301
15081.302
15081.303
15081.304
15081.010
15081.305
15081.306
15081.307
15081.308
15081.309
15081.011
15081.012
15083.001
15083.002
15084.001
15084.002
15084.301
15084.003
15084.004
15084.005
15084.302
15084.303
15084.006
15084.007
15084.304
15084.305
15084.306
15084.307
15084.308
15084.309
15084.310
15084.311
15085.301
15086.301
15086.302
15086.303
15086.304
15086.305
15086.306
15086.307
15092.001
15092.301
15092.002
15092.302
15092.003
15092.303
15092.304
15092.305
15092.004
15092.005
15092.306
15092.006
15093.001
15093.301
15093.002
15093.302
15094.001
15094.301
15095.001
15095.301
15096.001
15096.002
15096.301
15096.003
15096.004
15096.302
15096.005
15096.303
15096.006
15096.007
15096.008
15096.009
15096.010
15096.011
15096.012
15097.001
15097.002
15097.301
15097.003
15098.001
15098.301
15098.302
15098.002
15099.001
15099.301
