14802.001
14802.201
14802.002
14802.202
14802.104
14802.302
14802.105
14802.303
14802.106
14802.304
14802.107
14802.003
14802.203
14802.004
14802.005
14802.204
14802.205
14802.006
14802.007
14802.206
14802.008
14802.108
14802.305
14802.109
14802.110
14802.111
14802.306
14802.112
14802.207
14802.009
14802.113
14802.010
14802.011
14802.012
14802.013
14802.014
14802.015
14802.307
14802.016
14802.114
14802.208
14802.017
14802.209
14802.210
14802.018
14802.115
14802.308
14802.309
14802.116
14802.310
14802.117
14802.311
14802.118
14802.019
14802.211
14802.020
14802.212
14802.213
14802.021
14802.312
14802.119
14802.313
14802.314
14802.120
14802.315
14802.121
14802.214
14802.022
14802.215
14802.023
14802.024
14802.025
14802.026
14802.030
14802.218
14802.031
14802.219
14802.032
14802.318
14802.125
14802.319
14802.320
14802.126
14802.321
14802.033
14802.034
14802.035
14802.036
14802.322
14802.129
14802.323
14802.324
14802.130
14802.037
14802.220
14802.038
14802.221
14802.131
14802.325
14803.001
14803.002
14803.003
14803.004
14803.005
14803.006
14803.007
14803.201
14803.202
14803.203
14803.204
14803.008
14803.009
14803.205
14803.101
14803.301
14804.001
14804.002
14804.003
14804.201
14804.004
14804.005
14804.006
14804.007
14804.008
14804.009
14804.010
14804.011
14804.012
14804.013
14804.014
14804.015
14804.016
14804.017
14804.018
14804.019
14804.020
14804.202
14804.203
14804.204
14804.205
14805.001
14806.201
14806.001
14806.002
14806.202
14806.003
14806.203
14806.004
14806.204
14806.205
14806.005
14806.006
14806.206
14806.207
14806.208
14806.209
14806.210
14806.211
14806.212
14806.213
14806.007
14806.214
14806.215
14806.008
14806.009
14806.010
14806.011
14806.012
14806.013
14806.014
14806.015
14806.016
14806.017
14806.018
14806.216
14806.217
14806.218
14807.203
14807.204
14807.205
14807.206
14807.207
14807.001
14807.002
14807.003
14807.208
14807.209
14807.210
14807.211
14807.212
14807.213
14807.214
14807.215
14807.216
14807.217
14807.218
14807.219
14807.220
14807.221
14807.222
14807.004
14807.223
14807.224
14807.225
14807.226
14807.227
14807.228
14807.005
14807.006
14807.007
14807.008
14807.009
14807.010
14807.011
14807.012
14807.013
14807.014
14807.015
14807.016
14807.017
14807.018
14807.019
14807.020
14807.021
14807.022
14808.201
14808.001
14808.002
14808.003
14808.004
14808.005
14808.202
14808.006
14808.007
14813.301
14813.302
14813.101
14813.303
14813.102
14813.304
14813.103
14813.104
14813.105
14814.101
14814.102
14814.103
14814.104
14814.105
14820.001
14820.301
14820.201
14820.302
14834.101
14834.301
14834.302
14834.303
14834.304
14834.305
14834.306
14834.001
14834.002
14834.003
14839.301
14839.001
14839.002
14849.101
14849.301
14849.102
14849.103
14849.302
14851.101
14851.102
14851.103
14851.104
14851.105
14851.301
14851.106
14851.107
14851.108
14851.109
14851.110
14851.111
14851.112
14851.302
14851.303
14851.304
14851.305
14851.306
14851.307
14851.308
14851.309
14851.310
14851.311
14851.312
14865.001
14865.301
14865.002
14865.201
14865.302
14865.202
14866.101
14866.001
14866.002
14866.201
14866.102
14866.103
14870.101
14870.102
14887.301
14887.101
14887.102
14887.201
14889.101
14889.201
14889.202
14889.203
14889.204
14889.205
14889.206
14889.207
14889.208
14889.209
14889.210
14889.102
14889.103
14889.104
14889.211
14889.105
14890.301
14890.302
14890.001
14890.002
14890.303
14890.304
14890.305
14890.306
14890.307
14890.308
14890.003
14890.309
14890.310
14890.201
14890.202
14890.203
14890.204
14890.004
14890.005
14890.006
14890.101
14890.102
14890.103
14890.104
14890.311
14890.105
14890.205
14891.301
14891.302
14891.001
14891.201
14891.303
14891.304
14891.305
14891.306
14891.307
14891.002
14892.201
14893.001
14893.201
14893.101
14893.102
14893.103
14893.002
14893.003
14893.202
14893.203
14894.101
14894.102
14894.103
14894.001
14894.002
14894.201
14894.202
14894.104
14894.105
14894.106
14895.301
14895.101
14896.001
14896.002
14899.301
