15199.106
15199.105
15199.104
15199.103
15199.102
15199.101
15197.151
15197.150
15197.149
15197.148
15197.147
15197.146
15197.145
15197.144
15197.143
15197.142
15197.141
15197.140
15197.139
15197.138
15197.137
15197.136
15197.135
15197.134
15197.133
15197.132
15197.131
15197.130
15197.129
15197.128
15197.127
15197.126
15197.125
15197.124
15197.123
15197.122
15197.121
15197.120
15197.119
15197.118
15197.117
15197.116
15197.115
15197.114
15197.113
15197.112
15197.111
15197.110
15197.109
15197.108
15197.107
15197.106
15197.105
15197.104
15197.103
15197.102
15197.101
15196.101
15195.105
15195.104
15195.103
15195.102
15195.101
15194.129
15194.128
15194.127
15194.126
15194.125
15194.124
15194.123
15194.122
15194.121
15194.120
15194.119
15194.118
15194.117
15194.116
15194.115
15194.114
15194.113
15194.112
15194.111
15194.110
15194.109
15194.108
15194.107
15194.106
15194.105
15194.104
15194.103
15194.102
15194.101
15193.101
15167.102
15167.101
15166.112
15166.111
15166.110
15166.109
15166.108
15166.107
15166.106
15166.105
15166.104
15166.103
15166.102
15166.101
15160.106
15160.105
15160.104
15160.103
15160.102
15160.101
15158.103
15158.102
15158.101
15155.104
15155.103
15155.102
15155.101
15147.101
15146.104
15146.103
15146.102
15146.101
15145.103
15145.102
15145.101
15144.101
