15325.303
15325.302
15325.301
15324.309
15324.308
15324.307
15324.306
15324.305
15324.304
15324.303
15324.302
15324.301
15323.302
15323.301
15322.309
15322.308
15322.307
15322.306
15322.305
15322.304
15322.303
15322.302
15322.301
15316.305
15316.304
15316.303
15316.302
15316.301
15315.306
15315.305
15315.304
15315.303
15315.302
15315.301
15314.309
15314.308
15314.307
15314.306
15314.305
15314.304
15314.303
15314.302
15314.301
15312.302
15312.301
15311.302
15311.301
15303.303
15303.302
15303.301
15302.303
15302.302
15302.301
15300.303
15300.302
15300.301
15359.304
15359.303
15359.302
15359.301
15357.303
15357.302
15357.301
15356.307
15356.306
15356.305
15356.304
15356.303
15356.302
15356.301
15354.302
15354.301
15353.302
15353.301
15352.301
15350.301
15349.301
15347.301
15346.301
15344.301
15343.301
15342.304
15342.303
15342.302
15342.301
15338.305
15338.304
15338.303
15338.302
15338.301
15337.306
15337.305
15337.304
15337.303
15337.302
15337.301
15336.303
15336.302
15335.308
15335.307
15335.306
15335.305
15335.304
15335.303
15335.302
15335.301
15333.301
15331.303
15331.302
15331.301
15330.301
15399.308
15399.307
15399.306
15399.305
15399.304
15399.303
15399.302
15399.301
15397.311
15397.310
15397.309
15397.308
15397.307
15397.306
15397.305
15397.303
15397.302
15397.301
15395.301
15394.302
15394.301
15393.307
15393.306
15393.305
15393.304
15393.303
15393.302
15393.301
15392.307
15392.306
15392.305
15392.304
15392.303
15392.302
15392.301
15390.303
15390.302
15390.301
15386.305
15386.304
15386.303
15386.302
15386.301
15384.302
15384.301
15383.303
15383.302
15383.301
15382.302
15381.303
15381.302
15380.305
15380.304
15380.303
15380.302
15380.301
15379.303
15379.302
15379.301
15378.307
15378.306
15378.305
15378.304
15378.303
15378.302
15378.301
15377.302
15377.301
15376.307
15376.306
15376.305
15376.304
15376.303
15376.302
15376.301
15375.302
15375.301
15373.305
15373.304
15373.303
15373.302
15373.301
15372.302
15372.301
15370.305
15370.304
15370.302
15370.301
15369.308
15369.307
15369.306
15369.305
15369.304
15369.302
15369.301
15368.306
15368.305
15368.304
15368.303
15368.301
15366.307
15366.306
15366.305
15366.304
15366.303
15366.302
15366.301
15365.306
15365.305
15365.303
15365.302
15365.301
15364.306
15364.305
15364.304
15364.303
15364.302
15364.301
15363.310
15363.309
15363.308
15363.307
15363.306
15363.305
15363.304
15363.303
15363.302
15363.301
