15365.002
15365.003
15365.004
15365.005
15365.006
15365.201
15365.202
15365.203
15365.205
15365.206
15365.301
15365.302
15365.303
15365.305
15365.306
15366.001
15366.002
15366.003
15366.004
15366.005
15366.006
15366.007
15366.008
15366.101
15366.102
15366.103
15366.104
15366.105
15366.106
15366.107
15366.108
15366.109
15366.110
15366.201
15366.202
15366.203
15366.204
15366.205
15366.206
15366.207
15366.208
15366.209
15366.210
15366.301
15366.302
15366.303
15366.304
15366.305
15366.306
15366.307
15368.002
15368.003
15368.004
15368.005
15368.006
15368.007
15368.008
15368.009
15368.010
15368.011
15368.101
15368.102
15368.103
15368.104
15368.105
15368.106
15368.107
15368.108
15368.109
15368.110
15368.111
15368.201
15368.202
15368.203
15368.205
15368.206
15368.207
15368.208
15368.301
15368.303
15368.304
15368.305
15368.306
15372.013
15372.014
15372.015
15372.016
15372.017
15372.018
15372.102
15372.103
15372.104
15372.105
15372.204
15372.205
15372.301
15372.302
15376.002
15376.003
15376.004
15376.005
15376.007
15376.008
15376.009
15376.101
15376.102
15376.103
15376.104
15376.105
15376.107
15376.108
15376.109
15376.201
15376.202
15376.203
15376.204
15376.205
15376.206
15376.207
15376.208
15376.301
15376.302
15376.303
15376.304
15376.305
15376.306
15376.307
15378.001
15378.002
15378.003
15378.004
15378.005
15378.006
15378.007
15378.008
15378.009
15378.010
15378.011
15378.101
15378.102
15378.103
15378.104
15378.105
15378.106
15378.107
15378.108
15378.109
15378.201
15378.202
15378.203
15378.204
15378.205
15378.206
15378.207
15378.301
15378.302
15378.303
15378.304
15378.305
15378.306
15378.307
15380.002
15380.003
15380.004
15380.006
15380.007
15380.101
15380.102
15380.103
15380.105
15380.106
15380.107
15380.201
15380.202
15380.203
15380.204
15380.205
15380.206
15380.301
15380.302
15380.303
15380.304
15380.305
15386.001
15386.002
15386.003
15386.004
15386.005
15386.006
15386.101
15386.102
15386.103
15386.104
15386.105
15386.201
15386.202
15386.203
15386.204
15386.205
15386.301
15386.302
15386.303
15386.304
15386.305
15390.001
15390.002
15390.003
15390.101
15390.102
15390.103
15390.201
15390.202
15390.203
15390.301
15390.302
15390.303
15393.001
15393.002
15393.003
15393.004
15393.005
15393.006
15393.007
15393.008
15393.009
15393.101
15393.102
15393.103
15393.104
15393.105
15393.106
15393.107
15393.201
15393.202
15393.203
15393.204
15393.205
15393.206
15393.207
15393.301
15393.302
15393.303
15393.304
15393.305
15393.306
15393.307
15399.001
15399.002
15399.003
15399.004
15399.005
15399.006
15399.007
15399.008
15399.101
15399.102
15399.103
15399.104
15399.105
15399.106
15399.107
15399.108
15399.109
15399.201
15399.202
15399.203
15399.204
15399.205
15399.206
15399.207
15399.301
15399.302
15399.303
15399.304
15399.305
15399.306
15399.307
15399.308
15425.001
15425.002
15425.003
15425.004
15425.005
15425.201
15425.202
15425.203
15425.204
15425.301
15425.302
15425.303
15425.304
15425.305
15427.001
15427.002
15427.003
15427.004
15427.005
15427.006
15427.007
15427.008
15427.201
15427.202
15427.203
15427.204
15427.205
15427.206
15427.207
15427.208
15427.301
15427.302
15427.303
15427.304
15427.305
15427.306
15427.307
15427.308
15435.001
15435.002
15435.003
15435.004
15435.201
15435.202
15435.203
15435.204
15435.301
15435.302
15435.303
15435.304
15436.001
15436.002
15436.003
15436.004
15436.005
15436.006
15436.007
15436.008
15436.201
15436.202
15436.203
15436.204
15436.205
15436.206
15436.207
15436.208
15436.209
15436.210
15436.301
15436.302
15436.303
15436.304
15436.305
15436.306
15436.307
15436.308
15438.001
15438.002
15438.003
15438.201
15438.202
15438.203
15438.301
15438.302
15438.303
15443.001
15443.002
15443.003
15443.004
15443.005
15443.006
15443.007
15443.201
15443.202
15443.203
15443.204
15443.205
15443.206
15443.207
15443.208
15443.301
15443.302
15443.303
15443.304
15443.305
15443.306
15443.307
15443.308
15443.309
