17156
17169
17171
17175
17178
17186
17201
17202
17203
17205
17209
17217
17218
17222
17223
17232
17236
17237
17238
17239
17240
17241
17244
17247
17248
17273
17276
17281
17283
17284
17293
17297
17301
17302
17304
17306
17308
17311
17315
17317
17318
17322
17328
17329
17331
17333
17338
17340
17341
17345
17346
17352
17359
17367
17370
17379
17384
17389
17391
17396
17399
17402
17403
17406
17407
17408
17409
17410
17414
17415
17416
17417
17423
17426
17427
17429
17430
17431
17433
17434
17436
17439
17440
17443
17447
17451
17452
17453
17454
17455
17461
17466
17467
17470
