18533.001
18533.002
18535.102
18555.001
18555.002
18555.003
18555.004
18555.005
18555.006
18555.007
18555.008
18555.009
18555.010
18555.011
18555.012
18555.013
18555.014
18555.015
18555.016
18555.017
18555.018
18555.019
18555.020
18555.021
18555.022
18555.023
18555.024
18555.025
18555.026
18555.027
18555.028
18555.029
18555.201
18555.202
18555.203
18555.204
18555.205
18555.206
18555.207
18555.208
18555.209
18555.210
18555.211
18555.212
18555.213
18555.214
18555.215
18555.216
18555.217
18555.218
18555.219
18555.220
18555.221
18555.222
18555.223
18555.224
18555.225
18555.226
18555.227
18555.228
18557.201
18557.202
18567.201
18571.001
18571.002
18571.003
18571.004
18571.005
18571.006
18571.007
18571.008
18571.009
18571.010
18571.011
18571.012
18571.013
18571.014
18590.001
18590.002
18590.003
18590.201
18590.202
18590.203
18590.204
18599.201
18599.202
18601.001
18603.001
18603.002
18603.201
18604.001
18607.101
18607.102
18607.103
18607.104
18607.105
18607.106
18607.107
18607.108
18607.109
18607.110
18607.111
18607.112
18607.113
18607.114
18607.115
18607.116
18607.117
18607.118
18607.119
18607.120
18607.121
18607.122
18607.123
18607.124
18607.125
18607.126
18607.127
18607.128
18607.129
18607.130
18611.001
18611.101
18611.201
18612.001
18612.002
18612.003
18612.101
18612.102
18612.103
18612.201
18612.202
18612.203
18613.001
18613.002
18613.101
18613.102
18613.201
18613.202
18619.101
18619.102
18619.103
18620.101
18623.101
18625.101
18625.102
18625.103
18625.104
18625.105
18625.106
18625.107
18625.108
18625.109
18625.110
18625.111
18625.112
18625.113
18625.114
18625.115
18625.116
18625.117
18625.118
18625.301
18625.302
18625.303
18625.304
18625.305
18625.306
18625.307
18625.308
18625.309
18625.310
18625.311
18625.312
18625.313
18625.314
18625.315
18625.316
18625.317
18625.318
18625.319
18625.320
18625.321
18625.322
18625.323
18625.324
18625.325
18625.326
18625.327
18625.328
18625.329
18625.330
18625.331
18625.332
18626.001
18626.101
18626.102
18626.201
18626.301
18626.302
18641.001
18641.002
18641.003
18641.004
18641.101
18641.102
18641.103
18641.201
18641.202
18641.301
18641.302
18642.001
18642.002
18642.101
18642.102
18642.103
18642.104
18642.301
18642.302
18642.303
18642.304
18643.001
18643.101
18644.001
18644.002
18644.003
18644.004
18644.101
18644.102
18644.103
18644.104
18645.001
18645.002
18645.101
18645.102
18646.001
18646.002
18646.101
18646.102
18647.001
18647.002
18647.003
18647.004
18647.101
18647.102
18647.103
18647.104
18653.001
18653.002
18653.101
18653.102
18654.001
18654.002
18654.101
18654.102
18655.001
18655.002
18655.101
18655.102
18658.001
18658.002
18658.003
18658.004
18658.005
18658.101
18658.102
18658.103
18658.104
18658.105
18659.001
18659.002
18659.101
18659.102
18660.001
18660.002
18660.101
18660.102
18660.301
18661.001
18661.002
18661.003
18661.101
18661.102
18661.103
18661.201
18661.301
18661.302
18662.001
18662.002
18662.003
18662.004
18662.101
18662.102
18662.103
18662.104
18662.201
18662.202
18662.203
18662.301
18662.302
18662.303
18663.001
18663.002
18663.003
18663.004
18663.005
18663.006
18663.101
18663.102
18663.103
18663.104
18663.105
18663.106
18663.201
18663.202
18663.203
18663.204
18663.205
18663.301
18663.302
18663.303
18664.001
18664.002
18664.003
18664.004
18664.005
18664.101
18664.102
18664.103
18664.104
18664.201
18664.202
18664.203
18664.204
18664.205
18664.301
18664.302
18664.303
18664.304
18666.001
18666.002
18666.003
18666.004
18666.101
18666.102
18666.103
18666.104
18666.201
18666.202
18666.203
18666.301
18666.302
18666.303
18667.001
18667.002
18667.003
18667.004
18667.005
18667.006
18667.007
18667.009
18667.101
18667.102
18667.103
18667.104
18667.105
18667.106
18667.107
18667.108
18667.109
18667.111
18667.112
18667.113
18667.114
18667.115
18667.116
18667.117
18667.118
18667.119
18667.201
18667.202
18667.203
18667.204
18667.205
18667.206
18667.208
18667.209
18667.210
18667.211
18667.212
18667.213
18667.301
18667.302
18667.303
18667.304
18667.305
18667.306
18667.308
18667.309
18667.310
18667.311
18667.312
18667.313
18668.001
18668.002
18668.003
18668.004
18668.005
18668.006
18668.007
18668.008
18669.001
18669.002
18669.003
18669.004
18669.101
18669.102
18669.103
18669.104
18669.105
18669.201
18669.202
18669.203
18669.204
18669.205
18669.301
18669.302
18669.303
18669.304
18669.305
18670.001
18670.101
18670.102
18670.201
18670.202
18670.301
18670.302
18671.001
18671.201
18671.202
18671.301
18671.302
18672.001
18672.002
18672.003
18672.202
18672.203
18672.204
18672.205
18672.302
18672.303
18672.304
18672.305
18673.001
18673.002
18673.003
18673.004
18673.101
18673.102
18673.103
18673.201
18673.202
18673.203
18673.204
18673.205
18673.206
18673.301
18673.302
18673.303
18673.304
18673.305
18674.001
18674.002
18674.003
18674.101
18674.102
18674.103
18674.201
18674.202
18674.203
18674.204
18674.301
18674.302
18674.303
18674.304
18675.001
18675.002
18675.003
18675.004
18675.101
18675.102
18675.103
18675.104
18675.201
18675.202
18675.203
18675.204
18675.205
18675.206
18675.301
18675.302
18675.303
18675.304
18675.305
18675.306
18676.001
18676.002
18676.003
18676.004
18676.101
18676.102
18676.103
18676.104
18676.201
18676.202
18676.203
18676.204
18676.205
18676.301
18676.302
18676.303
18676.304
18676.305
18677.001
18677.002
18677.003
18677.004
18677.005
18677.101
18677.102
18677.103
18677.104
18677.105
18677.201
18677.202
18677.203
18677.204
18677.205
18677.206
18677.301
18677.302
18677.303
18677.304
18677.305
18677.306
18678.001
18678.002
18678.101
18678.102
18678.201
18678.202
18678.203
18678.204
18678.301
18678.302
18678.303
18681.201
18681.202
18681.301
18682.001
18682.202
18682.204
18682.302
18682.303
18683.001
18683.002
18683.003
18683.004
18683.005
18683.101
18683.102
18683.103
18683.104
18683.201
18683.202
18683.203
18683.204
18683.301
18683.302
18683.303
18683.304
18683.305
18684.001
18684.002
18684.003
18684.101
18684.102
18684.103
18684.104
18684.201
18684.202
18684.203
18684.204
18684.205
18684.206
18684.301
18684.302
18684.303
18684.304
18684.305
18684.306
18685.001
18685.101
18685.201
18685.202
18685.301
18685.302
18685.303
18686.001
18686.002
18686.003
18686.004
18686.101
18686.102
18686.103
18686.104
18686.201
18686.202
18686.203
18686.204
18686.205
18686.301
18686.302
18686.303
18686.304
18686.305
18687.001
18687.002
18687.003
18687.004
18687.101
18687.102
18687.103
18687.104
18687.201
18687.202
18687.203
18687.204
18687.205
18687.301
18687.302
18687.303
18687.304
18687.305
18689.001
18689.002
18689.101
18689.102
18689.201
18689.202
18689.203
18689.301
18689.302
18689.303
18690.001
18690.101
18690.201
18690.202
18690.203
18690.301
18690.302
18691.001
18691.101
18691.202
18691.203
18691.302
18691.303
18692.001
18692.002
18692.003
18692.004
18692.005
18692.101
18692.102
18692.103
18692.104
18692.105
18692.202
18692.203
18692.204
18692.205
18692.206
18692.207
18692.302
18692.303
18692.304
18692.305
18692.306
18692.307
18693.001
18693.002
18693.101
18693.102
18693.201
18693.202
18693.203
18693.301
18693.302
18693.303
18694.001
18694.002
18694.003
18694.004
18694.101
18694.102
18694.103
18694.104
18694.201
18694.202
18694.203
18694.204
18694.205
18694.301
18694.302
18694.303
18694.304
18694.305
18695.201
18695.301
18696.001
18696.002
18696.003
18696.101
18696.102
18696.103
18696.202
18696.203
18696.204
18696.205
18696.302
18696.303
18696.304
18696.305
18697.001
18697.002
18697.003
18697.004
18697.101
18697.102
18697.103
18697.104
18697.201
18697.202
18697.203
18697.204
18697.205
18697.301
18697.302
18697.303
18697.304
18697.305
18698.001
18698.002
18698.003
18698.004
18698.005
18698.006
18698.007
18698.008
18698.009
18698.010
18698.011
18698.012
18698.013
18698.014
18698.101
18698.102
18698.103
18698.104
18698.105
18698.201
18698.202
18698.203
18698.204
18698.205
18698.206
18698.207
18698.208
18698.209
18698.210
18698.211
18698.212
18698.213
18698.214
18698.215
18698.216
18698.217
18698.301
18698.302
18698.303
18698.304
18698.305
18698.306
18699.201
18699.202
18699.301
18699.302
18701.001
18701.002
18701.003
18701.004
18701.005
18701.101
18701.102
18701.103
18701.104
18701.105
18701.202
18701.203
18701.204
18701.205
18701.206
18701.207
18701.302
18701.303
18701.304
18701.305
18701.306
18701.307
18702.001
18702.002
18702.003
18702.004
18702.005
18702.101
18702.102
18702.103
18702.104
18702.105
18702.201
18702.202
18702.203
18702.204
18702.205
18702.206
18702.301
18702.302
18702.303
18702.304
18702.305
18702.306
18704.001
18704.101
18704.201
18704.202
18704.301
18704.302
18706.001
18706.002
18706.003
18706.004
18706.005
18706.101
18706.102
18706.103
18706.104
18706.105
18706.201
18706.202
18706.203
18706.204
18706.205
18706.301
18706.302
18706.303
18706.304
18706.305
18706.306
18707.001
18707.002
18707.003
18707.004
18707.005
18707.101
18707.102
18707.103
18707.104
18707.105
18707.201
18707.202
18707.203
18707.204
18707.205
18707.206
18707.301
18707.302
18707.303
18707.304
18707.305
18707.306
18709.001
18709.002
18709.003
18709.004
18709.005
18709.006
18709.101
18709.102
18709.103
18709.104
18709.201
18709.202
18709.203
18709.204
18709.205
18709.206
18709.207
18709.301
18709.302
18709.303
18709.304
18709.305
18709.306
18709.307
18710.001
18710.002
18710.003
18710.004
18710.005
18710.006
18710.007
18710.008
18710.009
18710.010
18710.011
18710.012
18710.013
18710.101
18710.102
18710.103
18710.104
18710.105
18710.201
18710.202
18710.203
18710.204
18710.205
18710.301
18710.302
18710.303
18710.304
18710.305
18710.306
18710.307
18715.001
18715.002
18715.003
18715.004
18715.005
18715.101
18715.102
18715.103
18715.104
18715.105
18715.201
18715.202
18715.203
18715.204
18715.205
18715.206
18715.301
18715.302
18715.303
18715.304
18715.305
18715.306
18717.001
18717.002
18717.003
18717.004
18717.101
18717.102
18717.103
18717.202
18717.203
18717.204
18717.205
18717.302
18717.303
18717.304
18717.305
18718.001
18718.002
18718.101
18718.102
18718.202
18718.203
18718.204
18718.302
18718.303
18719.001
18719.002
18719.003
18719.004
18719.005
18719.101
18719.102
18719.103
18719.104
18719.105
18719.201
18719.202
18719.203
18719.204
18719.205
18719.206
18719.301
18719.302
18719.303
18719.304
18719.305
18719.306
18720.301
18721.001
18721.002
18721.003
18721.004
18721.005
18721.101
18721.102
18721.103
18721.104
18721.202
18721.203
18721.204
18721.205
18721.206
18721.207
18721.302
18721.303
18721.304
18721.305
18721.306
18722.001
18722.002
18722.003
18722.101
18722.102
18722.103
18722.201
18722.202
18722.203
18722.204
18722.301
18722.302
18722.303
18722.304
18723.001
18723.002
18723.003
18723.004
18723.005
18723.101
18723.102
18723.103
18723.104
18723.105
18723.106
18723.201
18723.202
18723.203
18723.204
18723.205
18723.206
18723.301
18723.302
18723.303
18723.304
18723.305
18723.306
18724.201
18724.301
18725.202
18726.001
18726.002
18726.003
18726.004
18726.005
18726.101
18726.102
18726.103
18726.104
18726.105
18726.106
18726.202
18726.203
18726.204
18726.205
18726.206
18726.207
18726.302
18726.303
18726.304
18726.305
18726.306
18726.307
18727.001
18727.002
18727.003
18727.004
18727.005
18727.101
18727.102
18727.103
18727.104
18727.105
18727.201
18727.202
18727.203
18727.204
18727.205
18727.206
18727.301
18727.302
18727.303
18727.304
18727.305
18727.306
18728.001
18728.002
18728.003
18728.004
18728.101
18728.102
18728.103
18728.104
18728.201
18728.202
18728.203
18728.204
18728.205
18728.206
18728.301
18728.302
18728.303
18728.304
18728.305
18729.001
18729.002
18729.003
18729.101
18729.102
18729.103
18729.104
18729.201
18729.202
18729.203
18729.204
18729.205
18729.301
18729.302
18729.303
18729.304
18731.001
18731.002
18731.003
18731.004
18731.005
18731.101
18731.102
18731.103
18731.104
18731.105
18731.201
18731.202
18731.203
18731.204
18731.205
18731.206
18731.301
18731.302
18731.303
18731.304
18731.305
18731.306
18732.001
18732.002
18732.003
18732.004
18732.005
18732.101
18732.102
18732.103
18732.104
18732.105
18732.201
18732.202
18732.203
18732.204
18732.205
18732.206
18732.207
18732.301
18732.302
18732.303
18732.304
18732.305
18732.306
18733.001
18733.101
18733.201
18733.202
18733.301
18733.302
18734.001
18734.101
18734.201
18734.202
18734.301
18734.302
18735.001
18735.101
18735.201
18735.202
18735.301
18735.302
18737.001
18737.002
18737.003
18737.004
18737.101
18737.102
18737.103
18737.104
18737.201
18737.202
18737.203
18737.204
18737.205
18737.301
18737.302
18737.303
18737.304
18737.305
18738.001
18738.002
18738.003
18738.101
18738.102
18738.103
18738.201
18738.202
18738.203
18738.204
18738.301
18738.302
18738.303
18738.304
18740.001
18740.002
18740.003
18740.004
18740.101
18740.102
18740.103
18740.104
18740.201
18740.202
18740.203
18740.204
18740.205
18740.301
18740.302
18740.303
18740.304
18740.305
18741.001
18741.002
18741.003
18741.101
18741.102
18741.201
18741.202
18741.203
18741.204
18741.301
18741.302
18741.303
18741.304
18748.001
18748.101
18748.202
18748.203
18748.302
18748.303
18749.001
18749.002
18749.003
18749.004
18749.005
18749.101
18749.102
18749.103
18749.104
18749.202
18749.203
18749.204
18749.205
18749.206
18749.302
18749.303
18749.304
18749.305
18749.306
18750.001
18750.101
18750.202
18750.203
18750.302
18750.303
18751.001
18751.002
18751.003
18751.004
18751.101
18751.102
18751.103
18751.104
18751.202
18751.203
18751.204
18751.205
18751.206
18751.302
18751.303
18751.304
18751.305
18751.306
18752.001
18752.002
18752.003
18752.101
18752.102
18752.103
18752.202
18752.203
18752.204
18752.205
18752.302
18752.303
18752.304
18752.305
18752.306
18752.307
18753.001
18753.002
18753.003
18753.004
18753.101
18753.102
18753.103
18753.104
18753.202
18753.203
18753.204
18753.205
18753.206
18753.302
18753.303
18753.304
18753.305
18753.306
18754.001
18754.002
18754.003
18754.101
18754.102
18754.103
18754.202
18754.203
18754.204
18754.205
18754.302
18754.303
18754.304
18754.305
18757.201
18757.301
18757.302
18758.001
18758.002
18758.003
18758.101
18758.102
18758.103
18758.202
18758.203
18758.204
18758.205
18758.302
18758.303
18758.304
18758.305
18758.306
18758.307
18760.001
18760.002
18760.003
18760.004
18760.101
18760.102
18760.103
18760.104
18760.201
18760.202
18760.203
18760.204
18760.205
18760.301
18760.302
18760.303
18760.304
18760.305
18761.001
18761.002
18761.003
18761.004
18761.005
18761.101
18761.102
18761.103
18761.104
18761.105
18761.202
18761.203
18761.204
18761.205
18761.206
18761.207
18761.302
18761.303
18761.304
18761.305
18761.306
18761.307
18762.001
18762.101
18762.202
18762.203
18762.302
18762.303
18763.001
18763.002
18763.003
18763.004
18763.101
18763.102
18763.103
18763.104
18763.202
18763.203
18763.204
18763.205
18763.206
18763.302
18763.303
18763.304
18763.305
18763.306
18764.001
18764.002
18764.003
18764.004
18764.101
18764.102
18764.103
18764.104
18764.202
18764.203
18764.204
18764.205
18764.206
18764.207
18764.208
18764.302
18764.303
18764.304
18764.305
18764.306
18764.307
18764.308
18765.001
18765.002
18765.003
18765.101
18765.102
18765.103
18765.202
18765.203
18765.204
18765.205
18765.302
18765.303
18765.304
18765.305
18766.001
18766.002
18766.003
18766.101
18766.102
18766.103
18766.202
18766.203
18766.204
18766.205
18766.302
18766.303
18766.304
18766.305
18768.101
18768.301
18772.001
18772.002
18772.003
18772.004
18772.101
18772.102
18772.103
18772.104
18772.202
18772.203
18772.204
18772.205
18772.206
18772.302
18773.202
18773.302
18774.001
18774.101
18774.201
18774.301
18775.001
18775.101
18775.202
18775.203
18775.302
18775.303
18776.001
18776.002
18776.003
18776.004
18776.101
18776.102
18776.103
18776.104
18776.202
18776.203
18776.204
18776.205
18776.206
18776.302
18776.303
18776.304
18776.305
18776.306
18777.001
18777.002
18777.003
18777.004
18777.101
18777.102
18777.103
18777.104
18777.202
18777.203
18777.204
18777.205
18777.206
18777.302
18777.303
18777.304
18777.305
18777.306
18778.001
18778.002
18778.003
18778.004
18778.005
18778.101
18778.102
18778.103
18778.104
18778.105
18778.202
18778.203
18778.204
18778.205
18778.206
18778.207
18778.302
18778.303
18778.304
18778.305
18778.306
18778.307
18779.001
18779.002
18779.003
18779.004
18779.101
18779.102
18779.103
18779.104
18779.201
18779.202
18779.203
18779.204
18779.205
18779.301
18779.302
18779.303
18779.304
18779.305
18780.001
18780.002
18780.003
18780.004
18780.101
18780.102
18780.103
18780.104
18780.202
18780.203
18780.204
18780.205
18780.206
18780.302
18780.303
18780.304
18780.305
18780.306
18781.001
18781.002
18781.203
18781.205
18781.302
18782.201
18782.202
18782.301
18782.302
18784.202
18784.302
18785.001
18785.002
18785.003
18785.101
18785.102
18785.103
18785.202
18785.203
18785.204
18785.302
18785.303
18785.304
18786.001
18786.101
18786.202
18786.203
18786.302
18786.303
18787.001
18787.002
18787.003
18787.004
18787.101
18787.102
18787.103
18787.104
18787.202
18787.203
18787.204
18787.205
18787.206
18787.302
18787.303
18787.304
18787.305
18787.306
18787.307
18788.001
18788.002
18788.003
18788.004
18788.101
18788.102
18788.103
18788.104
18788.202
18788.203
18788.204
18788.205
18788.206
18788.207
18788.302
18788.303
18788.304
18788.305
18788.306
18788.307
18789.001
18789.002
18789.003
18789.004
18789.101
18789.102
18789.103
18789.104
18789.202
18789.203
18789.204
18789.205
18789.206
18789.302
18789.303
18789.304
18789.305
18789.306
18790.001
18790.101
18790.202
18790.203
18790.302
18790.303
18792.001
18792.002
18792.003
18792.004
18792.005
18792.006
18792.101
18792.102
18792.103
18792.104
18792.105
18792.106
18792.201
18792.202
18792.203
18792.204
18792.205
18792.206
18792.207
18792.301
18792.302
18792.303
18792.304
18792.305
18792.306
18792.307
18793.001
18793.002
18793.003
18793.004
18793.101
18793.102
18793.103
18793.104
18793.202
18793.203
18793.204
18793.205
18793.206
18793.302
18793.303
18793.304
18793.305
18793.306
18794.001
18794.101
18794.202
18794.203
18794.302
18794.303
18795.001
18795.002
18795.003
18795.004
18795.101
18795.102
18795.103
18795.104
18795.202
18795.203
18795.204
18795.205
18795.206
18795.302
18795.303
18795.304
18795.305
18795.306
18796.001
18796.002
18796.003
18796.004
18796.101
18796.102
18796.103
18796.104
18796.202
18796.203
18796.204
18796.205
18796.206
18796.302
18796.303
18796.304
18796.305
18796.306
18797.001
18797.002
18797.003
18797.101
18797.102
18797.103
18797.202
18797.203
18797.204
18797.205
18797.302
18797.303
18797.304
18797.305
18798.001
18798.101
18798.202
18798.203
18798.302
18798.303
18798.304
18798.305
18800.001
18800.002
18800.003
18800.004
18800.101
18800.102
18800.103
18800.104
18800.201
18800.202
18800.203
18800.204
18800.205
18800.206
18800.301
18800.302
18800.303
18800.304
18800.305
18801.001
18801.002
18801.003
18801.004
18801.101
18801.102
18801.103
18801.104
18801.202
18801.203
18801.204
18801.205
18801.206
18801.302
18801.303
18801.304
18801.305
18801.306
18802.202
18802.302
18803.001
18803.002
18803.003
18803.004
18803.101
18803.102
18803.103
18803.104
18803.202
18803.203
18803.204
18803.205
18803.206
18803.302
18803.303
18803.304
18803.305
18803.306
18804.001
18804.002
18804.003
18804.004
18804.101
18804.102
18804.103
18804.104
18804.202
18804.203
18804.204
18804.205
18804.206
18804.302
18804.303
18804.304
18804.305
18804.306
18805.001
18805.002
18805.003
18805.004
18805.101
18805.102
18805.103
18805.104
18805.202
18805.203
18805.204
18805.205
18805.206
18805.302
18805.303
18805.304
18805.305
18805.306
18806.001
18806.101
18806.202
18806.203
18806.302
18806.303
18807.001
18807.002
18807.003
18807.004
18807.101
18807.102
18807.103
18807.202
18807.203
18807.204
18807.205
18807.206
18807.302
18807.303
18807.304
18807.305
18808.101
18808.102
18808.302
18808.303
18813.101
18813.302
18814.202
18814.302
18815.001
18815.002
18815.101
18815.102
18815.201
18815.202
18815.203
18815.301
18815.302
18815.303
18815.304
18816.001
18816.002
18816.003
18816.004
18816.101
18816.102
18816.103
18816.104
18816.202
18816.203
18816.204
18816.205
18816.206
18816.302
18816.303
18816.304
18816.305
18816.306
18817.001
18817.101
18817.202
18817.203
18817.302
18817.303
18818.001
18818.002
18818.101
18818.102
18818.202
18818.203
18818.204
18818.302
18818.303
18818.304
18819.001
18819.002
18819.003
18819.004
18819.101
18819.102
18819.103
18819.104
18819.202
18819.203
18819.204
18819.205
18819.206
18819.302
18819.303
18819.304
18819.305
18819.306
18820.001
18820.002
18820.003
18820.004
18820.101
18820.102
18820.103
18820.104
18820.202
18820.203
18820.204
18820.205
18820.206
18820.302
18820.303
18820.304
18820.305
18820.306
18821.001
18821.101
18821.202
18821.203
18821.302
18821.303
18822.001
18822.101
18822.202
18822.203
18822.302
18822.303
18825.001
18825.101
18825.202
18825.203
18825.302
18825.303
18826.001
18826.101
18826.202
18826.203
18826.302
18826.303
18827.001
18827.002
18827.003
18827.004
18827.101
18827.102
18827.103
18827.104
18827.202
18827.203
18827.204
18827.205
18827.206
18827.302
18827.303
18827.304
18827.305
18827.306
18828.001
18828.002
18828.003
18828.004
18828.101
18828.102
18828.103
18828.104
18828.202
18828.203
18828.204
18828.205
18828.206
18828.302
18828.303
18828.304
18828.305
18828.306
18829.001
18829.002
18829.003
18829.004
18829.101
18829.102
18829.103
18829.104
18829.202
18829.203
18829.204
18829.205
18829.206
18829.302
18829.303
18829.304
18829.305
18829.306
18830.001
18830.101
18830.202
18830.203
18830.302
18830.303
18831.001
18831.101
18831.202
18831.203
18831.302
18831.303
18832.001
18832.101
18832.202
18832.203
18832.302
18832.303
18833.001
18833.101
18833.202
18833.203
18833.302
18833.303
18836.001
18836.101
18836.202
18836.203
18836.302
18836.303
18837.001
18837.002
18837.003
18837.004
18837.101
18837.102
18837.103
18837.104
18837.202
18837.203
18837.204
18837.205
18837.206
18837.302
18837.303
18837.304
18837.305
18837.306
18838.001
18838.002
18838.003
18838.004
18838.101
18838.102
18838.103
18838.104
18838.202
18838.203
18838.204
18838.205
18838.206
18838.302
18838.303
18838.304
18838.305
18838.306
18839.001
18839.101
18839.202
18839.203
18839.302
18839.303
18840.001
18840.101
18840.202
18840.203
18840.302
18840.303
18842.001
18842.101
18842.201
18842.202
18842.301
18842.302
18843.001
18843.002
18843.003
18843.004
18843.101
18843.102
18843.103
18843.104
18843.202
18843.203
18843.204
18843.205
18843.206
18843.302
18843.303
18843.304
18843.305
18843.306
18846.001
18846.002
18846.003
18846.004
18846.101
18846.102
18846.103
18846.104
18846.202
18846.203
18846.204
18846.205
18846.206
18846.302
18846.303
18846.304
18846.305
18846.306
18847.001
18847.002
18847.003
18847.004
18847.101
18847.102
18847.103
18847.104
18847.202
18847.203
18847.204
18847.205
18847.206
18847.302
18847.303
18847.304
18847.305
18847.306
18848.001
18848.101
18848.202
18848.203
18848.302
18848.303
18849.001
18849.002
18849.003
18849.101
18849.102
18849.103
18849.202
18849.203
18849.204
18849.205
18849.302
18849.303
18849.304
18849.305
18850.001
18850.002
18850.003
18850.101
18850.102
18850.103
18850.202
18850.203
18850.204
18850.205
18850.302
18850.303
18850.304
18850.305
18852.001
18852.101
18852.201
18852.202
18852.301
18852.302
18853.001
18853.002
18853.003
18853.101
18853.102
18853.103
18853.201
18853.202
18853.203
18853.204
18853.301
18853.302
18853.303
18853.304
18854.001
18854.002
18854.003
18854.101
18854.102
18854.103
18854.202
18854.203
18854.204
18854.205
18854.302
18854.303
18854.304
18854.305
18854.306
18855.001
18855.002
18855.003
18855.004
18855.101
18855.102
18855.103
18855.104
18855.105
18855.202
18855.203
18855.204
18855.205
18855.206
18855.302
18855.303
18855.304
18855.305
18855.306
18855.307
18855.308
18856.001
18856.002
18856.003
18856.004
18856.101
18856.102
18856.103
18856.104
18856.202
18856.203
18856.204
18856.205
18856.206
18856.302
18856.303
18856.304
18856.305
18856.306
18857.001
18857.002
18857.003
18857.101
18857.102
18857.103
18857.202
18857.203
18857.204
18857.205
18857.206
18857.207
18857.302
18857.303
18857.304
18857.305
18863.201
18863.202
18863.301
18863.302
18864.202
18864.302
18865.001
18865.002
18865.003
18865.004
18865.005
18865.101
18865.102
18865.103
18865.104
18865.201
18865.202
18865.203
18865.204
18865.301
18865.302
18865.303
18865.304
18865.306
18866.001
18866.002
18866.101
18866.201
18866.202
18866.301
18866.302
18866.303
18868.001
18868.002
18868.003
18868.004
18868.101
18868.102
18868.103
18868.104
18868.201
18868.202
18868.203
18868.204
18868.205
18868.301
18868.302
18868.303
18868.304
18868.305
18869.001
18869.101
18869.201
18869.202
18869.301
18869.302
18872.201
18872.301
18875.001
18875.002
18875.003
18875.004
18875.101
18875.102
18875.103
18875.104
18875.201
18875.202
18875.203
18875.204
18875.205
18875.301
18875.302
18875.303
18875.304
18875.305
18875.306
18875.307
18876.001
18876.002
18876.003
18876.004
18876.005
18876.101
18876.102
18876.103
18876.104
18876.105
18876.201
18876.202
18876.203
18876.204
18876.205
18876.206
18876.301
18876.302
18876.303
18876.304
18876.305
18876.306
18877.001
18877.002
18877.003
18877.004
18877.005
18877.101
18877.102
18877.103
18877.104
18877.105
18877.201
18877.202
18877.203
18877.204
18877.205
18877.206
18877.301
18877.302
18877.303
18877.304
18877.305
18877.306
18878.001
18878.002
18878.003
18878.004
18878.005
18878.101
18878.102
18878.103
18878.104
18878.105
18878.201
18878.202
18878.203
18878.204
18878.205
18878.206
18878.301
18878.302
18878.303
18878.304
18878.305
18878.306
18879.201
18879.301
18880.001
18880.101
18880.201
18880.202
18880.301
18880.302
18880.303
18881.001
18881.002
18881.101
18881.102
18881.201
18881.202
18881.203
18881.301
18881.302
18881.303
18882.001
18882.002
18882.003
18882.004
18882.005
18882.006
18882.101
18882.102
18882.103
18882.104
18882.105
18882.106
18882.201
18882.202
18882.203
18882.204
18882.205
18882.206
18882.207
18882.301
18882.302
18882.303
18882.304
18882.305
18882.306
18882.307
18883.001
18883.002
18883.003
18883.004
18883.005
18883.101
18883.102
18883.103
18883.104
18883.105
18883.201
18883.202
18883.203
18883.204
18883.205
18883.206
18883.301
18883.302
18883.303
18883.304
18883.305
18883.306
18884.001
18884.002
18884.003
18884.004
18884.005
18884.006
18884.101
18884.102
18884.103
18884.104
18884.105
18884.106
18884.201
18884.202
18884.203
18884.301
18884.302
18884.303
18884.304
18884.305
18884.306
18884.307
18892.001
18892.002
18892.003
18892.004
18892.005
18892.006
18892.007
18892.008
18892.009
18892.101
18892.102
18892.103
18892.104
18892.105
18892.201
18892.202
18892.203
18892.204
18892.205
18892.206
18892.301
18892.302
18892.303
18892.304
18892.305
18892.306
18893.001
18893.002
18893.003
18893.004
18893.101
18893.102
18893.103
18893.201
18893.202
18893.203
18893.204
18893.301
18893.302
18893.303
18893.304
18894.001
18894.002
18894.003
18894.004
18894.005
18894.006
18894.007
18894.101
18894.102
18894.103
18894.112
18894.113
18894.201
18894.202
18894.203
18894.204
18894.205
18894.206
18894.301
18894.302
18894.303
18894.304
18894.305
18894.312
18894.313
18895.001
18895.002
18895.003
18895.004
18895.005
18895.006
18895.101
18895.102
18895.103
18895.104
18895.105
18895.201
18895.202
18895.203
18895.204
18895.205
18895.301
18895.302
18895.303
18895.304
18897.001
18897.002
18897.003
18897.004
18897.005
18897.006
18897.007
18897.101
18897.102
18897.103
18897.201
18897.202
18897.203
18897.204
18897.205
18897.301
18897.304
18897.305
18897.306
18897.307
18898.001
18898.002
18898.003
18898.004
18898.005
18898.006
18898.101
18898.102
18898.104
18898.105
18898.106
18898.107
18898.108
18898.109
18898.201
18898.202
18898.203
18898.204
18898.205
18898.301
18898.302
18898.304
18898.305
18898.306
18898.307
18899.001
18899.002
18899.301
18899.305
18900.001
18900.002
18900.003
18900.004
18900.005
18900.006
18900.101
18900.102
18900.103
18900.104
18900.105
18900.201
18900.202
18900.203
18900.204
18900.205
18900.301
18900.302
18900.303
18900.304
18900.305
18900.306
18901.001
18901.002
18901.003
18901.004
18901.005
18901.006
18901.007
18901.101
18901.102
18901.103
18901.104
18901.105
18901.201
18901.202
18901.203
18901.204
18901.205
18901.301
18901.302
18901.303
18901.304
18901.305
18901.306
18902.001
18902.301
18903.001
18903.002
18903.003
18903.004
18903.005
18903.006
18903.101
18903.102
18903.103
18903.104
18903.105
18903.202
18903.203
18903.204
18903.205
18903.206
18903.302
18903.303
18903.304
18903.305
18903.306
18903.307
18904.001
18904.002
18904.003
18904.004
18904.101
18904.102
18904.103
18904.201
18904.202
18904.203
18904.301
18904.302
18904.303
18904.304
18905.001
18905.002
18905.003
18905.004
18905.005
18905.006
18905.101
18905.102
18905.103
18905.104
18905.105
18905.201
18905.202
18905.203
18905.204
18905.205
18905.301
18905.302
18905.303
18905.304
18905.305
18905.306
18906.001
18906.002
18906.003
18906.004
18906.005
18906.006
18906.101
18906.102
18906.103
18906.104
18906.105
18906.201
18906.202
18906.203
18906.204
18906.205
18906.301
18906.302
18906.303
18906.304
18906.305
18906.306
18907.001
18907.002
18907.003
18907.004
18907.101
18907.102
18907.103
18907.104
18907.201
18907.202
18907.203
18907.301
18907.302
18907.303
18908.001
18908.002
18908.003
18908.004
18908.005
18908.006
18908.101
18908.102
18908.103
18908.104
18908.105
18908.106
18908.201
18908.202
18908.203
18908.204
18908.205
18908.301
18908.302
18908.303
18908.304
18908.305
18909.001
18909.002
18909.003
18909.004
18909.005
18909.006
18909.101
18909.102
18909.103
18909.104
18909.105
18909.106
18909.201
18909.202
18909.203
18909.204
18909.205
18909.301
18909.302
18909.303
18909.304
18909.305
18910.001
18910.101
18914.001
18914.002
18914.003
18914.004
18914.005
18914.101
18914.102
18914.103
18914.104
18914.201
18914.202
18914.203
18914.204
18914.205
18914.301
18914.302
18914.303
18914.304
18914.305
18915.001
18915.002
18915.003
18915.004
18915.005
18915.006
18915.007
18915.008
18915.009
18915.010
18915.011
18915.012
18915.013
18915.014
18915.015
18915.016
18915.017
18915.201
18915.202
18915.203
18915.204
18915.205
18915.206
18915.207
18915.208
18915.209
18915.210
18915.211
18915.212
18915.213
18915.214
18915.301
18915.302
18915.303
18915.304
18915.305
18915.306
18916.001
18916.002
18916.003
18916.004
18916.101
18916.102
18916.103
18916.201
18916.202
18916.203
18916.301
18916.302
18916.303
18917.001
18917.002
18917.003
18917.004
18917.005
18917.006
18917.101
18917.102
18917.103
18917.104
18917.105
18917.201
18917.202
18917.203
18917.204
18917.205
18917.301
18917.302
18917.303
18917.304
18917.305
18920.001
18920.002
18920.003
18920.004
18920.005
18920.006
18920.101
18920.102
18920.103
18920.104
18920.105
18920.106
18920.201
18920.202
18920.203
18920.204
18920.205
18920.301
18920.302
18920.303
18920.304
18920.305
18921.001
18921.002
18921.003
18921.004
18921.101
18921.102
18921.103
18921.104
18921.201
18921.202
18921.203
18921.204
18921.301
18921.302
18921.303
18922.001
18922.002
18922.003
18922.004
18922.005
18922.006
18922.101
18922.102
18922.103
18922.104
18922.105
18922.106
18922.201
18922.202
18922.203
18922.204
18922.205
18922.301
18922.302
18922.303
18922.304
18922.305
18923.001
18923.002
18923.003
18923.004
18923.005
18923.006
18923.101
18923.102
18923.103
18923.104
18923.105
18923.106
18923.201
18923.202
18923.203
18923.204
18923.205
18923.301
18923.302
18923.303
18923.304
18923.305
18924.001
18924.002
18924.003
18924.004
18924.005
18924.006
18924.101
18924.102
18924.103
18924.104
18924.105
18924.106
18924.201
18924.202
18924.203
18924.204
18924.205
18924.301
18924.302
18924.303
18924.304
18924.305
18925.001
18925.002
18925.003
18925.004
18925.005
18925.006
18925.101
18925.102
18925.103
18925.104
18925.105
18925.106
18925.201
18925.202
18925.203
18925.204
18925.205
18925.301
18925.302
18925.303
18925.304
18925.305
18926.001
18926.002
18926.003
18926.004
18926.005
18926.006
18926.101
18926.102
18926.103
18926.104
18926.105
18926.106
18926.201
18926.202
18926.203
18926.204
18926.205
18926.301
18926.302
18926.303
18926.304
18926.305
18927.001
18927.002
18927.003
18927.101
18928.001
18928.002
18928.003
18928.004
18928.005
18928.101
18928.102
18928.103
18928.104
18928.201
18928.202
18928.203
18928.204
18928.301
18928.302
18928.303
18928.304
18928.305
18928.306
18928.307
18928.308
18930.001
18930.002
18930.003
18930.004
18930.005
18930.006
18930.007
18930.008
18930.009
18930.010
18930.011
18930.101
18930.102
18930.103
18930.104
18930.105
18930.201
18930.202
18930.203
18930.204
18930.205
18930.206
18930.207
18930.208
18930.209
18930.301
18930.302
18930.303
18930.304
18930.305
18930.306
18930.307
18931.001
18931.002
18931.003
18931.004
18931.005
18931.006
18931.101
18931.102
18931.103
18931.104
18931.105
18931.106
18931.201
18931.202
18931.203
18931.204
18931.205
18931.301
18931.302
18931.303
18931.304
18931.305
18931.306
18931.307
18938.001
18938.101
18938.201
18941.001
18941.002
18941.003
18941.101
18941.102
18941.201
18941.202
18941.301
18941.302
18942.001
18942.002
18942.003
18942.004
18942.005
18942.006
18942.101
18942.102
18942.103
18942.104
18942.105
18942.201
18942.202
18942.203
18942.204
18942.205
18942.301
18942.302
18942.303
18942.304
18942.305
18943.001
18943.002
18943.003
18943.004
18943.005
18943.006
18943.007
18943.008
18943.009
18943.010
18943.011
18943.012
18943.101
18943.102
18943.103
18943.104
18943.105
18943.201
18943.202
18943.203
18943.204
18943.205
18943.206
18943.207
18943.208
18943.209
18943.210
18943.211
18943.301
18943.302
18943.303
18943.304
18943.305
18944.001
18944.002
18944.003
18944.004
18944.005
18944.006
18944.101
18944.102
18944.103
18944.104
18944.105
18944.201
18944.202
18944.203
18944.204
18944.205
18944.301
18944.302
18944.303
18944.304
18944.305
18945.001
18946.001
18946.002
18946.003
18946.101
18946.102
18946.103
18946.201
18946.202
18946.203
18946.301
18946.302
18946.303
18946.304
18948.001
18948.002
18948.003
18948.004
18948.005
18948.006
18948.101
18948.102
18948.103
18948.104
18948.105
18948.201
18948.202
18948.203
18948.204
18948.205
18948.301
18948.302
18948.303
18948.304
18948.305
18949.001
18949.002
18949.003
18949.004
18949.005
18949.006
18949.101
18949.102
18949.103
18949.104
18949.105
18949.201
18949.202
18949.203
18949.204
18949.205
18949.301
18949.302
18949.303
18949.304
18949.305
18950.001
18950.002
18950.003
18950.004
18950.005
18950.006
18950.007
18950.008
18950.009
18950.101
18950.102
18950.103
18950.104
18950.105
18950.201
18950.202
18950.203
18950.204
18950.205
18950.206
18950.207
18950.301
18950.302
18950.303
18950.304
18950.305
18951.001
18951.002
18951.003
18951.004
18951.005
18951.006
18951.007
18951.008
18951.009
18951.010
18951.011
18951.101
18951.102
18951.103
18951.104
18951.105
18951.201
18951.202
18951.203
18951.204
18951.205
18951.206
18951.207
18951.208
18951.209
18951.301
18951.302
18951.303
18951.304
18951.305
18952.001
18952.002
18952.003
18952.004
18952.005
18952.006
18952.101
18952.102
18952.103
18952.104
18952.105
18952.201
18952.202
18952.203
18952.204
18952.205
18952.301
18952.302
18952.303
18952.304
18952.305
18953.001
18953.002
18953.003
18953.004
18953.005
18953.006
18953.101
18953.102
18953.103
18953.104
18953.105
18953.201
18953.202
18953.203
18953.204
18953.205
18953.301
18953.302
18953.303
18953.304
18953.305
