15475.017
15475.016
15475.015
15475.014
15475.013
15475.012
15475.209
15475.011
15475.208
15475.207
15475.010
15475.009
15475.206
15475.008
15475.205
15475.007
15475.204
15475.006
15475.203
15475.004
15475.202
15475.201
15475.002
15475.101
15475.001
15474.009
15474.111
15474.206
15474.008
15474.110
15474.007
15474.205
15474.109
15474.006
15474.108
15474.204
15474.005
15474.107
15474.106
15474.203
15474.004
15474.105
15474.104
15474.103
15474.102
15474.101
15474.202
15474.003
15474.002
15474.201
15474.001
15473.007
15473.103
15473.308
15473.307
15473.306
15473.305
15473.209
15473.006
15473.005
15473.208
15473.004
15473.207
15473.206
15473.304
15473.205
15473.303
15473.003
15473.204
15473.302
15473.301
15473.203
15473.202
15473.201
15473.002
15473.001
