15423.304
15423.303
15423.302
15423.301
15423.201
15423.102
15423.101
15423.005
15423.004
15423.003
15423.002
15423.001
15419.304
15419.302
15419.301
15419.207
15419.206
15419.205
15419.204
15419.203
15419.202
15419.201
15419.108
15419.107
15419.106
15419.105
15419.104
15419.103
15419.102
15419.101
15419.008
15419.007
15419.005
15419.004
15419.003
15419.002
15419.001
15418.305
15418.304
15418.303
15418.302
15418.301
15418.204
15418.203
15418.202
15418.201
15418.106
15418.105
15418.104
15418.103
15418.102
15418.101
15418.007
15418.006
15418.005
15418.004
15418.003
15418.002
15418.001
15417.304
15417.303
15417.302
15417.301
15417.205
15417.204
15417.203
15417.202
15417.201
15417.107
15417.106
15417.105
15417.104
15417.103
15417.102
15417.101
15417.006
15417.005
15417.004
15417.003
15417.002
15417.001
15416.305
15416.304
15416.303
15416.302
15416.301
15416.205
15416.204
15416.203
15416.202
15416.201
15416.105
15416.104
15416.103
15416.102
15416.101
15416.005
15416.004
15416.003
15416.002
15416.001
15415.304
15415.303
15415.302
15415.301
15415.203
15415.202
15415.201
15415.103
15415.102
15415.101
15415.003
15415.002
15415.001
15413.301
15413.201
15413.101
15413.003
15413.002
15412.302
15412.301
15412.103
15412.102
15412.101
15412.002
15412.001
15410.314
15410.313
15410.312
15410.311
15410.310
15410.309
15410.308
15410.307
15410.306
15410.305
15410.304
15410.303
15410.302
15410.301
15410.206
15410.205
15410.204
15410.203
15410.202
15410.201
15410.105
15410.104
15410.103
15410.102
15410.101
15410.005
15410.004
15410.003
15410.002
15410.001
15408.308
15408.307
15408.306
15408.305
15408.304
15408.303
15408.302
15408.301
15408.209
15408.208
15408.207
15408.206
15408.205
15408.204
15408.203
15408.202
15408.201
15408.109
15408.108
15408.107
15408.106
15408.105
15408.104
15408.103
15408.102
15408.101
15408.009
15408.008
15408.007
15408.005
15408.004
15408.003
15408.002
15408.001
15407.301
15407.201
15407.101
15407.001
15405.301
15405.202
15405.101
15405.001
15404.303
15404.302
15404.301
15404.204
15404.203
15404.202
15404.201
15404.104
15404.103
15404.102
15404.101
15404.004
15404.003
15404.002
15404.001
15403.308
15403.307
15403.306
15403.305
15403.304
15403.303
15403.302
15403.301
15403.208
15403.207
15403.206
15403.205
15403.204
15403.203
15403.202
15403.201
15403.108
15403.107
15403.106
15403.105
15403.104
15403.103
15403.102
15403.101
15403.010
15403.009
15403.008
15403.007
15403.006
15403.005
15403.004
15403.003
15403.002
15403.001
15402.304
15402.303
15402.302
15402.301
15402.203
15402.202
15402.201
15402.103
15402.102
15402.101
15402.004
15402.003
15402.002
15402.001
