16235
16245
16255
16259
16261
16263
16266
16268
16271
16272
16286
16288
16292
16294
16295
16299
16300
16302
16303
16308
16309
16310
16311
16320
16340
16346
16347
16348
16349
16350
16351
16354
16355
16357
16358
16359
16362
16363
16364
16366
16374
16375
16376
16380
16381
16382
16383
16386
16387
16395
16396
16397
16398
16400
16401
16402
16403
16404
16407
16408
16409
16410
16411
16412
16413
16417
16418
16419
16420
16421
16422
16423
16424
16425
16426
16427
16429
16430
16433
16434
16435
16436
16437
16438
16439
16441
16442
16444
16445
16446
16447
16449
16450
16451
16452
16453
16456
16458
16459
16460
16461
16462
16463
16464
16465
16466
16467
16468
16469
16470
16471
16472
16473
16475
16476
16478
16479
16480
16481
16482
16483
16484
16485
16486
16487
16489
16490
16491
16492
16493
16494
16495
16496
16497
16498
16499
16500
16502
16503
16504
16505
16506
16507
16508
16509
16511
16512
16513
16514
16515
16516
16523
16525
16528
16529
16530
16531
16532
16534
16535
16538
16539
16541
16543
16551
16565
16566
