15199.203
15199.202
15199.201
15196.202
15196.201
15195.212
15195.211
15195.210
15195.209
15195.208
15195.207
15195.206
15195.205
15195.204
15195.203
15195.202
15195.201
15194.232
15194.231
15194.230
15194.229
15194.228
15194.227
15194.226
15194.225
15194.224
15194.223
15194.222
15194.221
15194.220
15194.219
15194.218
15194.217
15194.216
15194.215
15194.214
15194.213
15194.212
15194.211
15194.210
15194.209
15194.208
15194.207
15194.206
15194.205
15194.204
15194.203
15194.202
15194.201
15167.202
15167.201
15166.205
15166.204
15166.203
15166.202
15166.201
15163.201
15160.203
15160.202
15160.201
15155.202
15155.201
15150.201
15147.205
15147.204
15147.203
15147.202
15147.201
15146.204
15146.203
15146.202
15146.201
15145.207
15145.206
15145.205
15145.204
15145.203
15145.202
15145.201
15144.201
