17201.001
17201.002
17201.003
17201.004
17201.101
17201.102
17201.103
17201.301
17201.302
17201.303
17201.304
17201.305
17202.001
17202.002
17202.003
17202.004
17202.005
17202.101
17202.102
17202.103
17202.104
17202.301
17202.302
17202.303
17202.304
17203.001
17203.002
17203.003
17203.004
17203.101
17203.102
17203.103
17203.104
17203.301
17203.302
17204.001
17204.301
17205.001
17205.002
17205.003
17205.101
17205.102
17205.301
17206.001
17206.002
17206.003
17206.004
17206.101
17206.102
17206.103
17206.104
17206.105
17207.001
17207.002
17207.003
17207.101
17207.102
17207.103
17208.001
17208.002
17208.003
17208.004
17208.101
17209.001
17209.002
17209.003
17209.101
17209.102
17209.103
17209.301
17210.001
17210.002
17210.101
17211.001
17211.101
17213.001
17214.001
17215.001
17216.001
17217.001
17217.002
17217.003
17217.101
17217.102
17218.001
17218.002
17218.003
17218.004
17218.101
17218.102
17218.103
17219.001
17219.002
17219.003
17219.101
17220.001
17220.002
17220.003
17220.004
17220.005
17220.006
17220.007
17220.008
17220.009
17220.101
17220.102
17220.103
17220.104
17220.105
17220.106
17220.107
17220.108
17220.109
17220.110
17220.111
17220.112
17220.113
17220.114
17220.115
17221.001
17221.002
17221.101
17221.102
17221.201
17222.001
17222.002
17222.003
17222.004
17222.101
17222.102
17222.201
17222.202
17222.203
17222.204
17222.301
17222.302
17222.303
17222.304
17222.305
17223.001
17223.002
17223.003
17223.004
17223.101
17223.102
17223.103
17223.104
17223.201
17223.202
17223.203
17223.302
17223.303
17223.304
17228.001
17228.002
17228.301
17228.302
17229.001
17229.101
17230.001
17231.001
17231.002
17232.001
17232.002
17232.003
17232.004
17232.005
17232.006
17232.101
17232.102
17232.103
17232.104
17232.301
17232.302
17232.303
17232.304
17236.001
17236.002
17236.003
17236.004
17236.101
17236.102
17236.103
17236.104
17236.301
17236.302
17236.303
17237.001
17237.002
17237.003
17237.004
17237.005
17237.101
17237.102
17237.103
17237.104
17237.105
17237.301
17237.302
17237.303
17238.001
17238.002
17238.003
17238.004
17238.005
17238.101
17238.102
17238.103
17238.104
17238.105
17238.301
17238.302
17238.303
17239.001
17239.002
17239.003
17239.004
17239.005
17239.101
17239.102
17239.103
17239.104
17239.105
17239.106
17239.301
17239.302
17239.303
17240.001
17240.002
17240.003
17240.004
17240.005
17240.006
17240.101
17240.102
17240.103
17240.104
17240.105
17240.106
17240.301
17240.302
17240.303
17241.001
17241.002
17241.003
17241.004
17241.005
17241.101
17241.102
17241.103
17241.104
17241.105
17241.301
17241.302
17241.303
17244.001
17244.002
17244.003
17244.004
17244.005
17244.006
17244.007
17244.008
17244.101
17244.102
17244.103
17244.104
17244.105
17244.106
17244.107
17244.301
17244.302
17244.303
17244.304
17244.305
17245.001
17245.002
17245.003
17245.101
17245.102
17246.001
17246.002
17246.101
17246.102
17247.001
17247.002
17247.003
17247.004
17247.005
17247.101
17247.102
17247.103
17247.104
17247.105
17247.301
17247.302
17247.303
17248.001
17248.002
17248.003
17248.004
17248.005
17248.006
17248.007
17248.101
17248.102
17248.103
17248.104
17248.105
17248.106
17248.107
17248.301
17248.302
17248.303
17248.304
17250.001
17250.002
17250.003
17250.004
17250.005
17250.101
17250.102
17250.103
17250.104
17250.105
17250.301
17250.302
17250.303
17250.304
17252.001
17252.101
17253.001
17253.002
17253.003
17253.004
17253.101
17253.102
17253.103
17253.104
17254.001
17254.201
17254.202
17254.203
17254.204
17254.205
17255.001
17255.002
17255.101
17256.001
17256.002
17256.003
17256.101
17256.102
17256.103
17260.001
17260.201
17260.202
17260.203
17260.301
17261.001
17261.002
17261.101
17261.201
17261.202
17261.203
17261.301
17261.302
17261.303
17263.001
17263.002
17263.003
17263.004
17263.101
17263.102
17263.103
17263.201
17263.202
17263.203
17263.204
17263.205
17263.301
17263.302
17263.303
17263.304
17263.305
17265.001
17265.002
17265.003
17265.004
17265.005
17265.006
17265.007
17265.101
17265.102
17265.103
17265.104
17265.105
17265.106
17265.107
17265.201
17265.202
17265.203
17265.204
17265.205
17265.206
17265.301
17265.302
17265.303
17265.304
17265.305
17265.306
17266.001
17266.002
17266.003
17266.004
17266.005
17266.006
17266.007
17266.008
17266.101
17266.102
17266.103
17266.104
17266.105
17266.106
17266.201
17266.202
17266.203
17266.204
17266.205
17266.206
17266.301
17266.302
17266.303
17266.304
17266.305
17266.306
17266.307
17266.308
17267.001
17267.002
17267.003
17267.004
17267.005
17267.006
17267.007
17267.101
17267.102
17267.103
17267.104
17267.105
17267.106
17267.201
17267.202
17267.203
17267.204
17267.205
17267.206
17267.301
17267.302
17267.303
17267.304
17267.305
17267.306
17267.307
17267.308
17268.001
17268.002
17268.003
17268.004
17268.005
17268.006
17268.101
17268.102
17268.103
17268.104
17268.105
17268.201
17268.202
17268.203
17268.204
17268.301
17268.302
17268.303
17269.001
17269.002
17269.003
17269.004
17269.101
17269.102
17269.103
17269.201
17269.202
17269.203
17269.204
17269.205
17269.301
17269.302
17269.303
17269.304
17269.305
17270.001
17270.002
17270.003
17270.101
17270.102
17270.201
17271.001
17271.002
17271.101
17271.102
17271.201
17272.001
17272.201
17272.202
17272.301
17272.302
17273.001
17273.002
17273.003
17273.101
17273.102
17273.201
17273.202
17273.203
17273.204
17273.301
17273.302
17273.303
17273.304
17275.001
17275.201
17275.202
17275.301
17275.302
17276.001
17276.002
17276.101
17276.201
17276.202
17276.203
17276.301
17276.302
17276.303
17277.001
17277.002
17277.101
17277.102
17277.201
17278.001
17278.002
17278.101
17278.102
17278.201
17279.001
17279.002
17279.101
17279.102
17279.201
17280.001
17280.102
17280.201
17281.001
17281.002
17281.003
17281.004
17281.005
17281.101
17281.102
17281.103
17281.104
17281.105
17281.201
17281.202
17281.203
17281.204
17281.301
17281.302
17281.303
17282.001
17282.002
17282.003
17282.004
17282.005
17282.006
17282.007
17282.101
17282.102
17282.103
17282.104
17282.105
17282.201
17282.301
17283.001
17283.002
17283.003
17283.004
17283.005
17283.101
17283.102
17283.103
17283.104
17283.105
17283.106
17283.201
17283.202
17283.301
17283.302
17284.001
17284.002
17284.003
17284.004
17284.101
17284.102
17284.103
17284.104
17284.105
17284.201
17284.202
17284.301
17284.302
17284.303
17286.101
17286.201
17286.202
17286.301
17286.302
17289.001
17289.101
17291.001
17291.002
17291.003
17291.101
17291.102
17291.103
17291.201
17291.202
17291.203
17291.301
17291.302
17292.001
17292.002
17292.101
17292.102
17292.201
17293.001
17293.101
17293.102
17293.103
17293.201
17293.202
17293.203
17293.204
17293.301
17293.302
17293.303
17297.001
17297.002
17297.003
17297.004
17297.005
17297.006
17297.101
17297.102
17297.103
17297.201
17297.202
17297.203
17297.301
17297.302
17301.001
17301.002
17301.003
17301.101
17301.102
17301.103
17301.104
17301.201
17301.202
17301.301
17302.001
17302.002
17302.003
17302.004
17302.101
17302.102
17302.103
17302.104
17302.201
17302.202
17302.203
17302.204
17302.301
17302.302
17302.303
17303.001
17303.101
17303.201
17304.001
17304.002
17304.003
17304.101
17304.102
17304.103
17304.104
17304.105
17304.201
17304.202
17304.203
17304.204
17304.301
17305.001
17305.002
17305.003
17305.101
17305.201
17305.202
17305.203
17305.204
17305.301
17305.302
17305.303
17306.001
17306.002
17306.003
17306.004
17306.101
17306.102
17306.103
17306.201
17306.202
17306.203
17306.204
17306.205
17306.206
17306.207
17306.208
17306.301
17308.001
17308.002
17308.003
17308.004
17308.101
17308.102
17308.103
17308.201
17308.202
17308.203
17308.204
17308.301
17308.302
17308.303
17308.304
17309.001
17309.101
17309.201
17311.001
17311.002
17311.003
17311.004
17311.101
17311.102
17311.103
17311.104
17311.201
17311.202
17311.203
17311.204
17311.301
17311.302
17311.303
17311.304
17312.001
17312.002
17312.003
17312.004
17312.201
17312.202
17312.203
17312.204
17312.301
17312.302
17312.303
17312.304
17313.001
17313.101
17313.201
17314.001
17314.101
17314.201
17315.001
17315.002
17315.003
17315.004
17315.005
17315.101
17315.102
17315.103
17315.104
17315.105
17315.106
17315.107
17315.108
17315.109
17315.201
17315.202
17315.203
17315.204
17315.205
17315.301
17315.302
17315.303
17315.304
17316.001
17316.002
17316.101
17316.102
17316.201
17316.202
17316.203
17317.001
17317.002
17317.003
17317.101
17317.102
17317.103
17317.201
17317.202
17317.203
17317.301
17317.302
17318.001
17318.002
17318.003
17318.004
17318.005
17318.008
17318.101
17318.102
17318.103
17318.104
17318.105
17318.106
17318.110
17318.201
17318.202
17318.203
17318.204
17318.205
17318.206
17318.207
17318.208
17318.301
17318.302
17318.303
17318.304
17321.001
17321.101
17321.201
17322.001
17322.002
17322.003
17322.004
17322.101
17322.102
17322.103
17322.104
17322.201
17322.202
17322.203
17322.204
17322.301
17322.302
17322.303
17324.001
17324.101
17324.201
17324.301
