16737.310
16737.309
16737.308
16737.307
16737.306
16737.305
16737.304
16737.303
16737.302
16737.301
16737.111
16737.110
16737.109
16737.108
16737.107
16737.106
16737.105
16737.104
16737.103
16737.102
16737.101
16736.036
16736.035
16736.034
16736.033
16736.032
16736.031
16736.030
16736.029
16736.028
16736.026
16736.025
16736.024
16736.023
16736.022
16736.021
16736.020
16736.019
16736.018
16736.017
16736.016
16736.015
16736.014
16736.013
16736.012
16736.011
16736.010
16736.009
16736.008
16736.007
16736.006
16736.005
16736.004
16736.003
16736.002
16736.001
16735.304
16735.303
16735.302
16735.301
16735.204
16735.203
16735.202
16735.201
16735.023
16735.022
16735.021
16735.020
16735.019
16735.018
16735.017
16735.016
16735.015
16735.014
16735.013
16735.012
16735.010
16735.009
16735.008
16735.007
16735.006
16735.005
16735.004
16735.003
16735.002
16735.001
16733.301
16733.201
16733.001
16732.311
16732.310
16732.309
16732.308
16732.307
16732.306
16732.305
16732.304
16732.303
16732.302
16732.301
16732.202
16732.201
16732.107
16732.106
16732.105
16732.104
16732.103
16732.102
16732.101
16732.002
16732.001
16731.303
16731.302
16731.301
16731.203
16731.202
16731.201
16731.003
16731.002
16731.001
16730.305
16730.304
16730.303
16730.302
16730.301
16730.206
16730.205
16730.204
16730.203
16730.202
16730.201
16730.101
16730.005
16730.004
16730.003
16730.002
16730.001
16729.301
16729.102
16729.101
16729.007
16729.006
16729.005
16729.004
16729.003
16729.002
16729.001
16727.304
16727.303
16727.302
16727.301
16727.205
16727.204
16727.203
16727.202
16727.201
16727.104
16727.103
16727.102
16727.101
16727.001
16726.303
16726.302
16726.301
16726.203
16726.202
16726.201
16726.104
16726.103
16726.102
16726.101
16726.004
16726.003
16726.002
16726.001
16725.303
16725.302
16725.301
16725.204
16725.203
16725.202
16725.201
16725.104
16725.103
16725.102
16725.101
16725.003
16725.002
16725.001
16724.303
16724.302
16724.301
16724.204
16724.203
16724.202
16724.201
16724.105
16724.104
16724.103
16724.102
16724.101
16724.003
16724.002
16724.001
16723.303
16723.302
16723.301
16723.205
16723.204
16723.203
16723.202
16723.201
16723.105
16723.104
16723.103
16723.102
16723.101
16723.004
16723.003
16723.002
16723.001
16722.303
16722.302
16722.301
16722.203
16722.202
16722.201
16722.104
16722.103
16722.102
16722.101
16722.004
16722.003
16722.002
16722.001
16720.306
16720.305
16720.304
16720.303
16720.302
16720.301
16720.204
16720.203
16720.202
16720.201
16720.104
16720.103
16720.102
16720.101
16720.005
16720.004
16720.003
16720.002
16720.001
16719.012
16719.011
16719.010
16719.009
16719.008
16719.007
16719.006
16719.005
16719.004
16719.003
16719.002
16719.001
16718.002
16718.001
16717.302
16717.301
16717.201
16717.102
16717.101
16717.002
16717.001
16716.302
16716.301
16716.202
16716.201
16716.104
16716.103
16716.102
16716.101
16716.004
16716.003
16716.002
16716.001
16715.202
16715.201
16715.120
16715.119
16715.118
16715.117
16715.116
16715.115
16715.114
16715.113
16715.112
16715.111
16715.110
16715.109
16715.108
16715.107
16715.106
16715.105
16715.104
16715.103
16715.102
16715.101
16715.022
16715.021
16715.020
16715.019
16715.018
16715.017
16715.016
16715.015
16715.014
16715.013
16715.012
16715.011
16715.010
16715.009
16715.008
16715.007
16715.006
16715.005
16715.004
16715.003
16715.002
16715.001
16714.303
16714.302
16714.301
16714.204
16714.203
16714.202
16714.201
16714.003
16714.002
16714.001
16713.313
16713.312
16713.311
16713.310
16713.309
16713.308
16713.307
16713.306
16713.305
16713.304
16713.303
16713.302
16713.301
16713.205
16713.204
16713.203
16713.202
16713.201
16713.102
16713.101
16713.012
16713.011
16713.010
16713.009
16713.008
16713.007
16713.006
16713.005
16713.004
16713.003
16713.002
16713.001
16711.311
16711.310
16711.309
16711.308
16711.307
16711.306
16711.305
16711.304
16711.303
16711.302
16711.301
16711.122
16711.121
16711.120
16711.119
16711.119
16711.118
16711.117
16711.116
16711.115
16711.114
16711.113
16711.112
16711.111
16711.110
16711.109
16711.108
16711.107
16711.106
16711.105
16711.104
16711.103
16711.102
16711.101
16711.020
16711.019
16711.018
16711.017
16711.016
16711.015
16711.014
16711.013
16711.012
16711.011
16711.010
16711.009
16711.008
16711.007
16711.006
16711.005
16711.004
16711.003
16711.002
16711.001
16710.116
16710.115
16710.114
16710.113
16710.112
16710.111
16710.110
16710.109
16710.108
16710.107
16710.106
16710.105
16710.104
16710.103
16710.102
16710.101
16710.018
16710.017
16710.016
16710.015
16710.014
16710.013
16710.012
16710.011
16710.010
16710.009
16710.008
16710.007
16710.006
16710.005
16710.004
16710.003
16710.002
16710.001
16709.105
16709.104
16709.103
16709.102
16709.101
16709.004
16709.003
16709.002
16709.001
16705.201
16705.101
16705.001
16704.203
16704.202
16704.201
16704.104
16704.103
16704.102
16704.101
16704.003
16704.002
16704.001
16701.101
16701.001
16699.103
16699.102
16699.101
16699.003
16699.002
16699.001
16698.103
16698.102
16698.101
16698.003
16698.002
16698.001
16697.101
16697.001
16693.103
16693.102
16693.101
16693.003
16693.002
16693.001
16691.103
16691.101
16691.003
16691.002
16691.001
16690.103
16690.102
16690.101
16690.002
16690.001
16687.205
16687.204
16687.203
16687.202
16687.201
16686.107
16686.106
16686.105
16686.104
16686.103
16686.102
16686.101
16686.007
16686.006
16686.005
16686.004
16686.003
16686.002
16686.001
16685.102
16685.101
16685.002
16685.001
16682.001
16681.101
16678.103
16678.102
16678.101
16678.002
16678.001
16674.209
16674.208
16674.207
16674.206
16674.205
16674.204
16674.203
16674.202
16674.201
16674.001
16671.304
16671.303
16671.302
16671.301
16671.104
16671.103
16671.102
16671.101
16671.005
16671.004
16671.003
16671.002
16671.001
16669.304
16669.303
16669.302
16669.301
16669.010
16669.009
16669.008
16669.007
16669.006
16669.004
16669.003
16669.002
16669.001
16668.307
16668.306
16668.305
16668.304
16668.303
16668.302
16668.301
16668.006
16668.005
16668.004
16668.003
16668.002
16668.001
16667.308
16667.307
16667.306
16667.305
16667.304
16667.303
16667.302
16667.301
16667.209
16667.208
16667.207
16667.206
16667.205
16667.204
16667.203
16667.202
16667.201
16667.105
16667.104
16667.103
16667.102
16667.101
16665.307
16665.306
16665.305
16665.304
16665.303
16665.302
16665.301
16665.207
16665.206
16665.205
16665.204
16665.203
16665.202
16665.201
16665.107
16665.106
16665.105
16665.104
16665.103
16665.102
16665.101
16664.303
16664.302
16664.301
16664.203
16664.202
16664.201
16664.103
16664.102
16664.101
16664.001
16663.303
16663.302
16663.301
16663.205
16663.204
16663.203
16663.202
16663.201
16663.104
16663.103
16663.102
16663.101
16663.004
16663.003
16663.002
16663.001
16662.306
16662.305
16662.304
16662.303
16662.302
16662.301
16662.212
16662.211
16662.210
16662.209
16662.208
16662.207
16662.206
16662.205
16662.204
16662.203
16662.202
16662.201
16662.109
16662.108
16662.107
16662.106
16662.105
16662.104
16662.103
16662.102
16662.101
16662.015
16662.014
16662.013
16662.012
16662.011
16662.010
16662.009
16662.008
16662.007
16662.006
16662.005
16662.004
16662.003
16662.002
16662.001
16661.303
16661.302
16661.301
16661.203
16661.202
16661.201
16661.102
16661.101
16661.003
16661.002
16661.001
16659.303
16659.302
16659.301
16659.203
16659.202
16659.201
16659.103
16659.102
16659.101
16659.003
16659.002
16659.001
16657.303
16657.302
16657.301
16657.205
16657.204
16657.203
16657.202
16657.201
16657.104
16657.103
16657.102
16657.101
16657.003
16657.002
16657.001
16656.309
16656.308
16656.307
16656.306
16656.305
16656.304
16656.303
16656.302
16656.301
16656.208
16656.207
16656.206
16656.205
16656.204
16656.203
16656.202
16656.201
16656.107
16656.106
16656.105
16656.104
16656.103
16656.102
16656.101
16656.006
16656.005
16656.004
16656.003
16656.002
16656.001
16655.306
16655.305
16655.304
16655.303
16655.302
16655.301
16655.206
16655.205
16655.204
16655.203
16655.202
16655.201
16655.105
16655.104
16655.103
16655.102
16655.101
16655.005
16655.004
16655.003
16655.002
16655.001
16654.302
16654.301
16654.202
16654.201
16654.103
16654.102
16654.101
16654.003
16654.002
16654.001
16653.302
16653.301
16653.202
16653.201
16653.101
16653.001
16650.307
16650.306
16650.305
16650.304
16650.303
16650.302
16650.301
16650.210
16650.209
16650.208
16650.207
16650.206
16650.205
16650.204
16650.203
16650.202
16650.201
16650.107
16650.106
16650.105
16650.104
16650.103
16650.102
16650.101
16650.007
16650.006
16650.005
16650.004
16650.003
16650.002
16650.001
16648.301
16648.201
16648.101
16648.001
16646.301
16646.201
16646.101
16646.002
16646.001
16645.203
16645.202
16645.201
16645.001
16643.308
16643.307
16643.306
16643.305
16643.304
16643.303
16643.302
16643.301
16643.207
16643.206
16643.205
16643.203
16643.202
16643.201
16643.105
16643.104
16643.103
16643.102
16643.101
16643.006
16643.005
16643.004
16643.003
16643.002
16643.001
16638.106
16638.105
16638.104
16638.103
16638.102
16638.101
16638.004
16638.003
16638.002
16638.001
16637.105
16637.104
16637.103
16637.102
16637.101
16637.006
16637.005
16637.004
16637.003
16637.002
16637.001
16636.007
16636.006
16636.005
16636.004
16636.003
16636.002
16636.001
16635.201
16635.112
16635.111
16635.110
16635.109
16635.108
16635.107
16635.106
16635.105
16635.104
16635.103
16635.102
16635.101
16635.009
16635.008
16635.007
16635.006
16635.005
16635.004
16635.003
16635.002
16635.001
16633.307
16633.306
16633.305
16633.304
16633.303
16633.302
16633.301
16633.206
16633.205
16633.204
16633.203
16633.202
16633.201
16633.110
16633.109
16633.108
16633.107
16633.106
16633.105
16633.104
16633.103
16633.102
16633.101
16633.010
16633.009
16633.008
16633.007
16633.006
16633.005
16633.004
16633.003
16633.002
16633.001
16632.308
16632.307
16632.306
16632.305
16632.304
16632.303
16632.302
16632.301
16632.211
16632.210
16632.209
16632.208
16632.207
16632.206
16632.205
16632.204
16632.203
16632.202
16632.201
16632.106
16632.105
16632.104
16632.103
16632.102
16632.101
16632.008
16632.007
16632.006
16632.005
16632.004
16632.003
16632.002
16632.001
16631.301
16631.201
16631.101
16631.001
16629.301
16629.201
16629.101
16629.001
16628.301
16628.201
16628.101
16628.001
16627.310
16627.309
16627.308
16627.307
16627.306
16627.305
16627.304
16627.303
16627.303
16627.302
16627.302
16627.301
16627.301
16627.208
16627.207
16627.206
16627.205
16627.204
16627.203
16627.203
16627.202
16627.202
16627.201
16627.201
16627.109
16627.108
16627.107
16627.106
16627.105
16627.104
16627.103
16627.103
16627.102
16627.102
16627.101
16627.101
16627.009
16627.008
16627.007
16627.006
16627.005
16627.004
16627.003
16627.003
16627.002
16627.002
16627.001
16627.001
16626.307
16626.306
16626.305
16626.304
16626.303
16626.302
16626.301
16626.206
16626.205
16626.204
16626.203
16626.202
16626.201
16626.106
16626.105
16626.104
16626.103
16626.102
16626.101
16626.006
16626.005
16626.004
16626.003
16626.002
16626.001
16625.308
16625.307
16625.306
16625.305
16625.304
16625.303
16625.302
16625.301
16625.208
16625.207
16625.206
16625.205
16625.204
16625.203
16625.202
16625.201
16625.107
16625.106
16625.105
16625.104
16625.103
16625.102
16625.101
16625.007
16625.006
16625.005
16625.004
16625.003
16625.002
16625.001
16623.303
16623.302
16623.301
16623.203
16623.202
16623.201
16623.101
16623.002
16623.001
16622.307
16622.306
16622.305
16622.304
16622.303
16622.302
16622.301
16622.207
16622.206
16622.205
16622.204
16622.203
16622.202
16622.201
16622.106
16622.105
16622.104
16622.103
16622.102
16622.101
16622.007
16622.006
16622.005
16622.004
16622.003
16622.002
16622.001
16621.301
16621.201
16621.101
16621.001
16620.305
16620.304
16620.303
16620.302
16620.301
16620.205
16620.204
16620.203
16620.202
16620.201
16620.107
16620.106
16620.105
16620.104
16620.103
16620.102
16620.101
16620.007
16620.006
16620.005
16620.004
16620.003
16620.002
16620.001
16619.310
16619.309
16619.308
16619.307
16619.306
16619.305
16619.304
16619.303
16619.302
16619.301
16619.210
16619.209
16619.208
16619.207
16619.206
16619.205
16619.204
16619.203
16619.202
16619.201
16619.107
16619.106
16619.105
16619.104
16619.104
16619.103
16619.102
16619.101
16619.012
16619.011
16619.010
16619.009
16619.008
16619.007
16619.006
16619.005
16619.004
16619.003
16619.002
16619.001
16618.308
16618.307
16618.306
16618.305
16618.304
16618.303
16618.302
16618.301
16618.208
16618.207
16618.206
16618.205
16618.204
16618.203
16618.202
16618.201
16618.107
16618.106
16618.105
16618.104
16618.103
16618.102
16618.101
16618.008
16618.007
16618.006
16618.005
16618.004
16618.003
16618.002
16618.001
16616.302
16616.301
16616.203
16616.202
16616.102
16616.101
16616.003
16616.002
16616.001
16615.303
16615.302
16615.301
16615.203
16615.202
16615.201
16615.101
16615.003
16615.002
16615.001
16614.303
16614.302
16614.301
16614.202
16614.201
16613.301
16610.301
16602.305
16602.304
16602.303
16602.302
16602.301
16602.205
16602.204
16602.203
16602.202
16602.201
16602.105
16602.104
16602.103
16602.102
16602.101
16602.005
16602.004
16602.003
16602.002
16602.001
16599.301
16599.202
16599.201
16599.101
16599.008
16599.007
16599.006
16599.005
16599.004
16599.003
16599.002
16599.001
16598.216
16598.215
16598.214
16598.213
16598.212
16598.211
16598.210
16598.209
16598.208
16598.207
16598.206
16598.205
16598.204
16598.203
16598.202
16598.201
16597.304
16597.303
16597.302
16597.301
16597.205
16597.204
16597.203
16597.202
16597.201
16597.104
16597.103
16597.102
16597.101
16597.004
16597.003
16597.002
16597.001
16596.301
16596.201
16596.101
16596.001
16595.301
16595.202
16595.201
16595.101
16595.001
16594.307
16594.306
16594.305
16594.304
16594.303
16594.302
16594.301
16594.207
16594.206
16594.205
16594.204
16594.203
16594.202
16594.201
16594.106
16594.105
16594.104
16594.103
16594.102
16594.101
16594.008
16594.007
16594.006
16594.005
16594.004
16594.003
16594.002
16594.001
16593.304
16593.303
16593.302
16593.301
16593.209
16593.208
16593.204
16593.203
16593.107
16593.104
16593.102
16593.101
16593.007
16593.006
16593.004
16593.003
16593.002
16593.001
16592.305
16592.304
16592.303
16592.302
16592.301
16592.206
16592.205
16592.204
16592.203
16592.202
16592.201
16592.106
16592.104
16592.103
16592.102
16592.101
16592.007
16592.004
16592.003
16592.002
16592.001
16591.302
16591.301
16591.202
16591.201
16591.102
16591.101
16591.002
16591.001
16588.302
16588.301
16588.202
16588.201
16588.102
16588.101
16588.002
16588.001
16587.304
16587.303
16587.302
16587.301
16587.205
16587.204
16587.203
16587.202
16587.201
16587.109
16587.108
16587.107
16587.106
16587.105
16587.104
16587.103
16587.102
16587.101
16587.005
16587.004
16587.003
16587.002
16587.001
16586.305
16586.304
16586.303
16586.302
16586.301
16586.206
16586.205
16586.204
16586.203
16586.202
16586.201
16586.104
16586.103
16586.102
16586.101
16586.005
16586.004
16586.003
16586.002
16586.001
16585.319
16585.318
16585.317
16585.316
16585.315
16585.314
16585.313
16585.312
16585.311
16585.310
16585.309
16585.308
16585.307
16585.306
16585.305
16585.304
16585.303
16585.302
16585.301
16585.209
16585.208
16585.207
16585.206
16585.205
16585.204
16585.203
16585.202
16585.201
16585.109
16585.108
16585.107
16585.106
16585.105
16585.104
16585.103
16585.102
16585.101
16585.011
16585.010
16585.009
16585.008
16585.007
16585.006
16585.005
16585.004
16585.003
16585.002
16585.001
16583.301
16583.202
16583.201
16583.101
16583.002
16583.001
16582.306
16582.305
16582.304
16582.303
16582.302
16582.301
16582.205
16582.204
16582.203
16582.202
16582.201
16582.106
16582.105
16582.104
16582.103
16582.102
16582.101
16582.005
16582.004
16582.003
16582.002
16582.001
16578.302
16578.301
16578.203
16578.202
16578.201
16578.103
16578.102
16578.101
16578.003
16578.002
16578.001
16577.301
16577.201
16577.101
16577.002
16576.303
16576.302
16576.301
16576.202
16576.201
16576.102
16576.101
16576.002
16576.001
16573.201
16573.002
16573.001
16570.310
16570.309
16570.308
16570.307
16570.306
16570.305
16570.304
16570.303
16570.302
16570.301
16570.208
16570.207
16570.206
16570.205
16570.204
16570.203
16570.109
16570.108
16570.107
16570.106
16570.105
16570.104
16570.103
16570.102
16570.101
16570.009
16570.008
16570.007
16570.006
16570.005
16570.004
16570.003
16570.002
16570.001
16569.302
16569.301
16569.201
16569.101
16569.001
16568.302
16568.301
16568.201
16568.106
16568.105
16568.104
16568.103
16568.102
16568.101
16568.009
16568.008
16568.007
16568.006
16568.005
16568.004
16568.003
16568.002
16568.001
16567.304
16567.303
16567.302
16567.301
16567.204
16567.203
16567.202
16567.201
16567.103
16567.102
16567.101
16567.006
16567.005
16567.004
16567.003
16567.002
16567.001
