17201.001
17201.002
17201.003
17201.004
17201.101
17201.102
17201.103
17201.301
17201.302
17201.303
17201.304
17201.305
17202.001
17202.002
17202.003
17202.004
17202.005
17202.101
17202.102
17202.103
17202.104
17202.301
17202.302
17202.303
17202.304
17203.001
17203.002
17203.003
17203.004
17203.101
17203.102
17203.103
17203.104
17203.301
17203.302
17205.001
17205.002
17205.003
17205.101
17205.102
17205.301
17209.001
17209.002
17209.003
17209.101
17209.102
17209.103
17209.301
17217.001
17217.002
17217.003
17217.101
17217.102
17218.001
17218.002
17218.003
17218.004
17218.101
17218.102
17218.103
17222.001
17222.002
17222.003
17222.004
17222.101
17222.102
17222.201
17222.202
17222.203
17222.204
17222.301
17222.302
17222.303
17222.304
17222.305
17223.001
17223.002
17223.003
17223.004
17223.101
17223.102
17223.103
17223.104
17223.201
17223.202
17223.203
17223.302
17223.303
17223.304
17232.001
17232.002
17232.003
17232.004
17232.005
17232.006
17232.101
17232.102
17232.103
17232.104
17232.301
17232.302
17232.303
17232.304
17236.001
17236.002
17236.003
17236.004
17236.101
17236.102
17236.103
17236.104
17236.301
17236.302
17236.303
17237.001
17237.002
17237.003
17237.004
17237.005
17237.101
17237.102
17237.103
17237.104
17237.105
17237.301
17237.302
17237.303
17238.001
17238.002
17238.003
17238.004
17238.005
17238.101
17238.102
17238.103
17238.104
17238.105
17238.301
17238.302
17238.303
17239.001
17239.002
17239.003
17239.004
17239.005
17239.101
17239.102
17239.103
17239.104
17239.105
17239.106
17239.301
17239.302
17239.303
17240.001
17240.002
17240.003
17240.004
17240.005
17240.006
17240.101
17240.102
17240.103
17240.104
17240.105
17240.106
17240.301
17240.302
17240.303
17241.001
17241.002
17241.003
17241.004
17241.005
17241.101
17241.102
17241.103
17241.104
17241.105
17241.301
17241.302
17241.303
17244.001
17244.002
17244.003
17244.004
17244.005
17244.006
17244.007
17244.008
17244.101
17244.102
17244.103
17244.104
17244.105
17244.106
17244.107
17244.301
17244.302
17244.303
17244.304
17244.305
17247.001
17247.002
17247.003
17247.004
17247.005
17247.101
17247.102
17247.103
17247.104
17247.105
17247.301
17247.302
17247.303
17248.001
17248.002
17248.003
17248.004
17248.005
17248.006
17248.007
17248.101
17248.102
17248.103
17248.104
17248.105
17248.106
17248.107
17248.301
17248.302
17248.303
17248.304
17273.001
17273.002
17273.003
17273.101
17273.102
17273.201
17273.202
17273.203
17273.204
17273.301
17273.302
17273.303
17273.304
17276.001
17276.002
17276.101
17276.201
17276.202
17276.203
17276.301
17276.302
17276.303
17281.001
17281.002
17281.003
17281.004
17281.005
17281.101
17281.102
17281.103
17281.104
17281.105
17281.201
17281.202
17281.203
17281.204
17281.301
17281.302
17281.303
17283.001
17283.002
17283.003
17283.004
17283.005
17283.101
17283.102
17283.103
17283.104
17283.105
17283.106
17283.201
17283.202
17283.301
17283.302
17284.001
17284.002
17284.003
17284.004
17284.101
17284.102
17284.103
17284.104
17284.105
17284.201
17284.202
17284.301
17284.302
17284.303
17293.001
17293.101
17293.102
17293.103
17293.201
17293.202
17293.203
17293.204
17293.301
17293.302
17293.303
17297.001
17297.002
17297.003
17297.004
17297.005
17297.006
17297.101
17297.102
17297.103
17297.201
17297.202
17297.203
17297.301
17297.302
17301.001
17301.002
17301.003
17301.101
17301.102
17301.103
17301.104
17301.201
17301.202
17301.301
17302.001
17302.002
17302.003
17302.004
17302.101
17302.102
17302.103
17302.104
17302.201
17302.202
17302.203
17302.204
17302.301
17302.302
17302.303
17304.001
17304.002
17304.003
17304.101
17304.102
17304.103
17304.104
17304.105
17304.201
17304.202
17304.203
17304.204
17304.301
17306.001
17306.002
17306.003
17306.004
17306.101
17306.102
17306.103
17306.201
17306.202
17306.203
17306.204
17306.205
17306.206
17306.207
17306.208
17306.301
17308.001
17308.002
17308.003
17308.004
17308.101
17308.102
17308.103
17308.201
17308.202
17308.203
17308.204
17308.301
17308.302
17308.303
17308.304
17311.001
17311.002
17311.003
17311.004
17311.101
17311.102
17311.103
17311.104
17311.201
17311.202
17311.203
17311.204
17311.301
17311.302
17311.303
17311.304
17315.001
17315.002
17315.003
17315.004
17315.005
17315.101
17315.102
17315.103
17315.104
17315.105
17315.106
17315.107
17315.108
17315.109
17315.201
17315.202
17315.203
17315.204
17315.205
17315.301
17315.302
17315.303
17315.304
17317.001
17317.002
17317.003
17317.101
17317.102
17317.103
17317.201
17317.202
17317.203
17317.301
17317.302
17318.001
17318.002
17318.003
17318.004
17318.005
17318.008
17318.101
17318.102
17318.103
17318.104
17318.105
17318.106
17318.110
17318.201
17318.202
17318.203
17318.204
17318.205
17318.206
17318.207
17318.208
17318.301
17318.302
17318.303
17318.304
17322.001
17322.002
17322.003
17322.004
17322.101
17322.102
17322.103
17322.104
17322.201
17322.202
17322.203
17322.204
17322.301
17322.302
17322.303
17328.001
17328.002
17328.003
17328.004
17328.005
17328.006
17328.101
17328.102
17328.103
17328.104
17328.105
17328.201
17328.202
17328.203
17328.204
17328.205
17328.301
17328.302
17329.001
17329.002
17329.003
17329.004
17329.101
17329.102
17329.103
17329.104
17329.105
17329.201
17329.202
17329.203
17329.204
17329.205
17329.206
17329.301
17329.302
17329.303
17331.001
17331.002
17331.003
17331.004
17331.005
17331.006
17331.101
17331.102
17331.103
17331.104
17331.105
17331.106
17331.107
17331.201
17331.202
17331.203
17331.204
17331.205
17331.301
17331.302
17333.001
17333.002
17333.003
17333.101
17333.102
17333.103
17333.201
17333.202
17333.203
17333.204
17333.205
17333.206
17333.301
17333.302
17333.303
17333.304
17333.305
17338.001
17338.002
17338.003
17338.004
17338.101
17338.102
17338.103
17338.104
17338.201
17338.202
17338.203
17338.204
17338.301
17338.302
17338.303
17340.001
17340.002
17340.003
17340.004
17340.005
17340.101
17340.102
17340.103
17340.104
17340.201
17340.202
17340.203
17340.204
17340.205
17340.301
17340.302
17340.303
17340.304
17341.001
17341.002
17341.003
17341.004
17341.005
17341.006
17341.007
17341.008
17341.009
17341.010
17341.011
17341.101
17341.102
17341.103
17341.201
17341.202
17341.203
17341.204
17341.205
17341.206
17341.207
17341.208
17341.302
17341.303
17341.304
17341.305
17341.306
17341.307
17345.001
17345.002
17345.003
17345.004
17345.101
17345.102
17345.103
17345.104
17345.201
17345.202
17345.203
17345.204
17345.205
17345.206
17345.301
17345.302
17345.303
17345.304
17345.305
17352.001
17352.002
17352.003
17352.004
17352.101
17352.102
17352.103
17352.104
17352.201
17352.202
17352.203
17352.204
17352.205
17352.301
17352.302
17352.303
17352.304
17352.305
17352.306
17359.001
17359.002
17359.003
17359.004
17359.101
17359.102
17359.103
17359.201
17359.202
17359.203
17359.204
17359.205
17359.301
17359.302
17359.303
17359.304
17359.305
17367.001
17367.002
17367.003
17367.004
17367.005
17367.101
17367.102
17367.103
17367.104
17367.201
17367.202
17367.203
17367.204
17367.205
17367.206
17367.302
17367.303
17367.304
17367.305
17370.001
17370.002
17370.003
17370.004
17370.101
17370.102
17370.103
17370.104
17370.105
17370.201
17370.202
17370.203
17370.204
17370.205
17370.206
17370.301
17370.302
17370.303
17370.304
17370.305
17370.306
17370.307
17370.308
17379.101
17379.201
17379.202
17379.203
17379.204
17379.301
17379.302
17379.303
17384.101
17384.102
17384.103
17384.104
17384.105
17384.201
17384.202
17384.203
17384.204
17384.205
17384.206
17384.207
17384.208
17384.209
17384.301
17384.302
17384.303
17384.304
17384.305
17384.306
17384.307
17384.308
17384.309
17384.310
17384.311
17384.312
17384.313
17384.314
17384.315
17384.316
17384.317
17384.318
17384.319
17391.101
17391.102
17391.103
17391.201
17391.202
17391.203
17391.204
17391.205
17391.206
17391.207
17391.208
17391.209
17391.210
17391.211
17391.301
17391.302
17391.303
17391.304
17391.305
17391.306
17391.307
17391.308
17391.309
17391.310
17391.311
17391.312
17391.313
17396.101
17396.102
17396.103
17396.104
17396.105
17396.201
17396.202
17396.203
17396.204
17396.205
17396.206
17396.301
17396.302
17396.303
17396.304
17396.305
17399.101
17399.102
17399.201
17399.202
17399.203
17399.204
17399.205
17399.206
17399.207
17399.301
17399.302
17399.303
17399.304
17399.305
17399.306
17399.307
17399.308
17402.001
17402.101
17402.102
17402.103
17402.104
17402.201
17402.202
17402.203
17402.204
17402.205
17402.301
17402.302
17402.303
17402.304
17406.101
17406.102
17406.103
17406.104
17406.105
17406.106
17406.201
17406.202
17406.203
17406.204
17406.205
17406.301
17406.302
17406.303
17406.304
17406.305
17406.306
17407.101
17407.102
17407.103
17407.104
17407.202
17407.203
17407.204
17407.205
17407.206
17407.302
17407.303
17407.304
17407.305
17408.001
17408.101
17408.102
17408.103
17408.104
17408.105
17408.201
17408.202
17408.203
17408.204
17408.205
17408.206
17408.301
17408.302
17408.303
17408.304
17408.305
17410.101
17410.102
17410.103
17410.104
17410.105
17410.106
17410.201
17410.202
17410.203
17410.301
17410.302
17410.303
17410.304
17410.305
17410.306
17414.001
17414.002
17414.101
17414.102
17414.103
17414.104
17414.105
17414.201
17414.202
17414.203
17414.204
17414.205
17414.206
17414.301
17414.302
17414.303
17414.304
17414.305
17415.001
17415.002
17415.003
17415.004
17415.005
17415.006
17415.007
17415.008
17415.101
17415.102
17415.103
17415.104
17415.105
17415.201
17415.202
17415.203
17415.204
17415.205
17415.206
17415.301
17415.302
17415.303
17415.304
17415.305
17416.001
17416.002
17416.003
17416.101
17416.102
17416.103
17416.104
17416.105
17416.106
17416.201
17416.202
17416.203
17416.204
17416.205
17416.206
17416.207
17416.301
17416.302
17416.303
17416.304
17416.305
17417.001
17417.101
17417.102
17417.103
17417.104
17417.105
17417.201
17417.202
17417.203
17417.204
17417.205
17417.206
17417.207
17417.208
17417.209
17417.210
17417.211
17417.212
17417.213
17417.214
17417.215
17417.216
17417.217
17417.218
17417.301
17417.302
17417.303
17417.304
17417.305
17423.001
17423.101
17423.102
17423.103
17423.104
17423.201
17423.202
17423.203
17423.204
17423.205
17423.301
17423.302
17423.303
17423.304
17423.305
17426.001
17426.101
17426.102
17426.103
17426.104
17426.201
17426.202
17426.203
17426.204
17426.205
17426.301
17426.302
17426.303
17426.304
17426.305
17427.101
17427.102
17427.103
17427.104
17427.201
17427.202
17427.203
17427.301
17427.302
17427.303
17427.304
17427.305
17427.306
17427.307
17429.101
17429.102
17429.103
17429.104
17429.105
17429.201
17429.202
17429.203
17429.204
17429.301
17429.302
17429.303
17429.304
17430.101
17430.102
17430.103
17430.104
17430.105
17430.201
17430.202
17430.203
17430.204
17430.205
17430.206
17430.207
17430.208
17430.209
17430.210
17430.211
17430.212
17430.213
17430.214
17430.301
17430.302
17430.303
17430.304
17430.305
17431.101
17431.102
17431.103
17431.104
17431.105
17431.201
17431.202
17431.203
17431.204
17431.301
17431.302
17431.303
17431.304
17431.305
17433.001
17433.101
17433.102
17433.103
17433.104
17433.201
17433.202
17433.203
17433.204
17433.205
17433.206
17433.207
17433.208
17433.301
17433.302
17433.303
17433.304
17434.101
17434.102
17434.103
17434.104
17434.105
17434.201
17434.202
17434.203
17434.204
17434.205
17434.206
17434.207
17434.208
17434.209
17434.210
17434.211
17434.212
17434.213
17434.214
17434.301
17434.302
17434.303
17434.304
17434.305
17434.306
17436.001
17436.101
17436.102
17436.103
17436.104
17436.201
17436.202
17436.203
17436.204
17436.205
17439.101
17439.102
17439.201
17439.301
17439.302
17440.001
17440.101
17440.102
17440.103
17440.104
17440.201
17440.202
17440.203
17440.204
17440.205
17440.206
17440.207
17440.208
17440.209
17440.301
17440.302
17440.303
17440.304
17443.101
17443.102
17443.103
17443.104
17443.105
17443.106
17443.201
17443.202
17443.203
17443.204
17443.205
17443.301
17443.302
17443.303
17443.304
17443.305
17443.306
17443.307
17447.001
17447.101
17447.102
17447.103
17447.104
17447.201
17447.202
17447.203
17447.204
17447.205
17447.301
17447.302
17447.303
17447.304
17451.001
17451.002
17451.003
17451.004
17451.101
17451.102
17451.103
17451.104
17451.105
17451.201
17451.202
17451.203
17451.204
17451.301
17451.302
17451.304
17451.305
17451.306
17451.307
17453.001
17453.002
17453.101
17453.102
17453.103
17453.201
17453.202
17453.301
17453.302
17453.303
17454.001
17454.002
17454.003
17454.101
17454.102
17454.103
17454.104
17454.105
17454.106
17454.107
17454.201
17454.202
17454.203
17454.301
17454.302
17454.303
17454.304
17454.305
17454.306
17454.307
17455.001
17455.002
17455.003
17455.004
17455.005
17455.101
17455.102
17455.103
17455.104
17455.201
17455.202
17455.203
17455.204
17455.205
17455.301
17455.302
17455.303
17455.304
17455.305
17461.001
17461.101
17461.102
17461.201
17461.301
17461.302
17466.001
17466.002
17466.003
17466.004
17466.005
17466.101
17466.102
17466.103
17466.104
17466.105
17466.106
17466.201
17466.202
17466.203
17466.204
17466.205
17466.301
17466.302
17466.303
17466.304
17467.001
17467.002
17467.003
17467.004
17467.005
17467.006
17467.101
17467.102
17467.103
17467.105
17467.106
17467.107
17467.201
17467.202
17467.203
17467.204
17467.205
17467.301
17467.302
17467.303
17467.304
17467.305
17470.001
17470.002
17470.101
17470.102
17470.103
17470.201
17470.202
17470.301
17470.302
17470.303
