15100.001
15100.002
15100.301
15108.001
15108.301
15108.002
15108.302
15108.303
15108.003
15108.004
15108.304
15108.305
15108.306
15108.307
15108.308
15108.309
15110.301
15110.001
15110.002
15110.302
15110.303
15111.001
15111.002
15111.003
15111.004
15111.301
15111.302
15111.005
15111.006
15111.007
15111.008
15111.009
15111.010
15111.303
15111.304
15111.011
15111.012
15111.013
15111.014
15111.015
15111.305
15111.016
15111.017
15111.018
15111.019
15111.020
15112.001
15113.301
15121.001
15121.301
15122.001
15122.002
15122.003
15122.004
15122.005
15122.006
15122.007
15122.008
15122.009
15122.010
15122.011
15122.012
15122.013
15122.014
15122.015
15122.016
15122.017
15122.018
15122.019
15122.020
15122.021
15122.022
15122.023
15122.024
15122.025
15122.026
15122.027
15122.028
15122.029
15122.030
15122.031
15122.032
15122.033
15122.034
15122.035
15122.036
15122.037
15122.038
15122.039
15122.040
15122.041
15122.042
15122.043
15122.044
15122.045
15122.046
15122.047
15122.048
15122.049
15122.050
15122.051
15122.052
15122.053
15122.054
15122.055
15122.056
15122.301
15122.057
15122.058
15122.059
15122.060
15122.061
15122.062
15122.063
15122.064
15122.065
15122.066
15122.067
15122.068
15122.069
15122.070
15122.071
15122.072
15122.073
15122.074
15122.075
15122.076
15122.302
15122.303
15122.077
15122.078
15122.079
15122.080
15122.081
15122.082
15122.083
15122.084
15122.085
15122.086
15122.304
15122.087
15122.088
15122.089
15122.090
15122.091
15122.092
15122.093
15122.094
15122.095
15122.096
15122.097
15122.098
15122.099
15122.100
15122.101
15122.102
15122.103
15123.001
15123.002
15123.003
15123.004
15123.005
15123.006
15123.007
15123.008
15123.009
15123.010
15123.011
15123.012
15123.013
15123.014
15123.015
15123.016
15123.017
15123.018
15123.019
15126.001
15126.002
15126.301
15126.003
15126.302
15126.004
15126.303
15128.001
15128.002
15128.003
15128.004
15128.005
15128.301
15128.302
15128.006
15128.007
15128.008
15128.009
15128.010
15128.011
15128.303
15128.012
15128.013
15130.001
15130.301
15131.001
15131.301
15132.001
15132.301
15132.002
15132.302
15134.001
15134.301
15135.001
15135.301
15138.001
15138.002
15138.003
15138.004
15139.001
15139.002
15139.003
15139.004
15139.005
15140.001
15140.002
15140.003
15140.004
15141.001
15141.002
15141.003
15141.004
15141.005
15141.006
15141.007
15141.008
15141.009
15141.010
15141.011
15142.001
15142.002
15142.003
15143.001
15143.002
15143.301
15143.302
15144.001
15144.201
15144.301
15144.101
15145.001
15145.201
15145.002
15145.202
15145.301
15145.302
15145.203
15145.003
15145.101
15145.204
15145.004
15145.205
15145.005
15145.206
15145.006
15145.007
15145.102
15145.103
15145.207
15145.303
15146.001
15146.201
15146.002
15146.101
15146.003
15146.102
15146.103
15146.004
15146.104
15146.202
15146.301
15146.203
15146.005
15146.204
15147.001
15147.201
15147.002
15147.202
15147.003
15147.301
15147.203
15147.302
15147.004
15147.204
15147.101
15147.005
15147.205
15148.001
15148.301
15149.001
15150.001
15150.301
15150.002
15150.302
15150.003
15150.303
15150.004
15150.201
15150.304
15150.005
15150.305
15150.006
15152.001
15152.002
15152.003
15152.004
15152.005
15152.006
15152.007
15154.001
15154.301
15154.002
15154.302
15154.003
15154.303
15154.004
15154.304
15154.005
15154.305
15154.006
15154.306
15154.307
15154.308
15154.007
15154.008
15154.309
15154.009
15154.010
15155.001
15155.002
15155.003
15155.004
15155.005
15155.301
15155.006
15155.007
15155.101
15155.201
15155.302
15155.008
15155.102
15155.303
15155.202
15155.009
15155.103
15155.304
15155.010
15155.104
15155.305
15158.001
15158.101
15158.301
15158.102
15158.002
15158.103
15158.302
15160.001
15160.101
15160.301
15160.002
15160.102
15160.302
15160.003
15160.103
15160.303
15160.004
15160.104
15160.304
15160.201
15160.105
15160.005
15160.202
15160.305
15160.006
15160.106
15160.203
15160.306
15162.001
15162.301
15163.301
15163.001
15163.002
15163.003
15163.302
15163.201
15165.301
15165.001
15166.301
15166.001
15166.002
15166.101
15166.102
15166.103
15166.104
15166.105
15166.106
15166.107
15166.108
15166.302
15166.201
15166.003
15166.004
15166.109
15166.202
15166.303
15166.005
15166.110
15166.304
15166.203
15166.111
15166.006
15166.305
15166.204
15166.007
15166.306
15166.112
15166.205
15167.001
15167.201
15167.101
15167.301
15167.002
15167.102
15167.302
15167.202
15170.301
15170.302
15170.001
15170.002
15170.003
15170.303
15170.304
15170.004
15170.005
15170.305
15170.006
15170.306
15170.007
15170.307
15171.001
15171.301
15171.002
15171.302
15172.001
15172.301
15172.002
15172.003
15172.302
15172.303
15172.004
15172.304
15172.005
15172.305
15172.006
15172.306
15172.007
15173.001
15173.301
15173.002
15173.302
15173.003
15173.303
15173.004
15173.304
15173.005
15173.305
15180.001
15180.301
15182.301
15182.001
15182.302
15186.001
15186.301
15189.001
15189.301
15189.302
15190.001
15190.301
15190.302
15190.002
15190.003
15190.303
15190.004
15190.304
15190.305
15190.005
15190.006
15190.306
15193.101
15194.101
15194.102
15194.103
15194.104
15194.105
15194.106
15194.107
15194.108
15194.109
15194.110
15194.111
15194.112
15194.113
15194.114
15194.115
15194.116
15194.117
15194.118
15194.119
15194.120
15194.121
15194.122
15194.123
15194.124
15194.125
15194.126
15194.127
15194.128
15194.129
15194.301
15194.201
15194.202
15194.203
15194.204
15194.205
15194.206
15194.207
15194.208
15194.209
15194.210
15194.211
15194.212
15194.213
15194.214
15194.215
15194.216
15194.217
15194.218
15194.219
15194.220
15194.001
15194.221
15194.222
15194.223
15194.224
15194.225
15194.226
15194.227
15194.228
15194.229
15194.230
15194.231
15194.232
15195.201
15195.202
15195.203
15195.204
15195.205
15195.101
15195.206
15195.207
15195.208
15195.209
15195.210
15195.211
15195.212
15195.301
15195.102
15195.103
15195.104
15195.001
15195.002
15195.105
15196.301
15196.001
15196.302
15196.303
15196.002
15196.003
15196.304
15196.004
15196.305
15196.201
15196.005
15196.202
15196.006
15196.101
15196.306
15196.307
15197.101
15197.102
15197.103
15197.104
15197.105
15197.106
15197.107
15197.108
15197.109
15197.110
15197.111
15197.112
15197.113
15197.114
15197.115
15197.116
15197.117
15197.118
15197.119
15197.120
15197.121
15197.122
15197.123
15197.124
15197.125
15197.126
15197.127
15197.128
15197.129
15197.130
15197.131
15197.132
15197.133
15197.134
15197.135
15197.136
15197.137
15197.138
15197.139
15197.140
15197.141
15197.142
15197.143
15197.144
15197.145
15197.146
15197.147
15197.148
15197.149
15197.001
15197.301
15197.150
15197.151
15199.101
15199.102
15199.103
15199.104
15199.105
15199.106
15199.001
15199.201
15199.202
15199.203
