15399.109
15399.108
15399.107
15399.106
15399.105
15399.104
15399.103
15399.102
15399.101
15397.108
15397.107
15397.106
15397.105
15397.104
15397.103
15397.102
15397.101
15395.101
15394.103
15394.102
15394.101
15393.107
15393.106
15393.105
15393.104
15393.103
15393.102
15393.101
15392.108
15392.107
15392.106
15392.105
15392.104
15392.103
15392.102
15392.101
15390.103
15390.102
15390.101
15386.105
15386.104
15386.103
15386.102
15386.101
15384.102
15384.101
15383.102
15383.101
15381.103
15381.102
15381.101
15380.107
15380.106
15380.105
15380.103
15380.102
15380.101
15378.109
15378.108
15378.107
15378.106
15378.105
15378.104
15378.103
15378.102
15378.101
15377.101
15376.109
15376.108
15376.107
15376.105
15376.104
15376.103
15376.102
15376.101
15375.102
15375.101
15372.105
15372.104
15372.103
15372.102
15370.106
15370.105
15370.104
15370.101
15369.104
15369.103
15369.102
15369.101
15368.111
15368.110
15368.109
15368.108
15368.107
15368.106
15368.105
15368.104
15368.103
15368.102
15368.101
15366.110
15366.109
15366.108
15366.107
15366.106
15366.105
15366.104
15366.103
15366.102
15366.101
15363.101
15359.102
15359.101
15356.103
15356.102
15356.101
15354.101
15353.103
15353.102
15353.101
15352.101
15350.102
15350.101
15349.101
15348.103
15348.102
15348.101
15347.101
15346.101
15344.101
15343.101
15342.107
15342.106
15342.105
15342.104
15342.103
15342.102
15342.101
15338.108
15338.107
15338.106
15338.105
15338.104
15338.103
15338.102
15338.101
15337.106
15337.105
15337.104
15337.103
15337.102
15337.101
15336.101
15335.109
15335.108
15335.107
15335.106
15335.105
15335.104
15335.103
15335.102
15335.101
15333.101
15331.104
15331.103
15331.102
15331.101
15325.103
15325.102
15325.101
15324.108
15324.107
15324.106
15324.105
15324.104
15324.103
15324.102
15324.101
15323.103
15323.102
15323.101
15322.106
15322.105
15322.104
15322.103
15322.102
15322.101
15316.105
15316.104
15316.103
15316.102
15316.101
15315.105
15315.104
15315.103
15315.102
15315.101
15314.107
15314.106
15314.105
15314.104
15314.103
15314.102
15314.101
15312.102
15312.101
15311.102
15311.101
15303.104
15303.102
15303.101
15302.103
15302.102
15302.101
15300.103
15300.102
15300.101
