16737.310
16737.111
16737.309
16737.110
16737.308
16737.109
16737.307
16737.108
16737.306
16737.107
16737.305
16737.106
16737.105
16737.304
16737.104
16737.303
16737.302
16737.301
16737.103
16737.102
16737.101
16736.036
16736.035
16736.034
16736.033
16736.032
16736.031
16736.030
16736.029
16736.028
16736.026
16736.025
16736.024
16736.023
16736.022
16736.021
16736.020
16736.019
16736.018
16736.017
16736.016
16736.015
16736.014
16736.013
16736.012
16736.011
16736.010
16736.009
16736.008
16736.007
16736.006
16736.005
16736.004
16736.003
16736.002
16736.001
16735.023
16735.022
16735.021
16735.020
16735.019
16735.018
16735.017
16735.016
16735.015
16735.014
16735.013
16735.012
16735.010
16735.009
16735.204
16735.304
16735.008
16735.007
16735.006
16735.005
16735.004
16735.003
16735.303
16735.203
16735.002
16735.202
16735.302
16735.301
16735.001
16735.201
16733.301
16733.201
16733.001
16732.002
16732.202
16732.311
16732.310
16732.201
16732.001
16732.309
16732.308
16732.307
16732.306
16732.305
16732.107
16732.106
16732.105
16732.104
16732.304
16732.103
16732.303
16732.302
16732.102
16732.101
16732.301
16731.003
16731.203
16731.303
16731.002
16731.302
16731.202
16731.201
16731.301
16731.001
16730.206
16730.205
16730.305
16730.005
16730.204
16730.304
16730.004
16730.203
16730.303
16730.202
16730.302
16730.003
16730.002
16730.101
16730.201
16730.001
16730.301
16729.007
16729.006
16729.005
16729.004
16729.003
16729.002
16729.301
16729.102
16729.101
16729.001
16727.104
16727.304
16727.205
16727.103
16727.204
16727.303
16727.203
16727.102
16727.202
16727.302
16727.201
16727.001
16727.101
16727.301
16726.104
16726.004
16726.303
16726.203
16726.103
16726.003
16726.302
16726.202
16726.102
16726.002
16726.201
16726.301
16726.001
16726.101
16725.003
16725.104
16725.303
16725.204
16725.103
16725.002
16725.203
16725.302
16725.202
16725.301
16725.001
16725.102
16725.201
16725.101
16724.204
16724.303
16724.003
16724.105
16724.302
16724.203
16724.104
16724.002
16724.301
16724.202
16724.103
16724.102
16724.001
16724.201
16724.101
16723.205
16723.303
16723.004
16723.105
16723.003
16723.104
16723.002
16723.302
16723.204
16723.103
16723.001
16723.301
16723.203
16723.202
16723.201
16723.102
16723.101
16722.203
16722.303
16722.104
16722.004
16722.302
16722.202
16722.003
16722.103
16722.201
16722.301
16722.002
16722.001
16722.102
16722.101
16720.204
16720.306
16720.005
16720.104
16720.004
16720.103
16720.003
16720.305
16720.203
16720.102
16720.002
16720.304
16720.202
16720.201
16720.001
16720.303
16720.302
16720.301
16720.101
16719.012
16719.011
16719.010
16719.009
16719.008
16719.007
16719.006
16719.005
16719.004
16719.003
16719.002
16719.001
16718.002
16718.001
16717.302
16717.102
16717.002
16717.301
16717.201
16717.001
16717.101
16716.104
16716.004
16716.202
16716.302
16716.003
16716.103
16716.201
16716.301
16716.002
16716.102
16716.101
16716.001
16715.022
16715.021
16715.020
16715.019
16715.119
16715.018
16715.118
16715.017
16715.117
16715.016
16715.015
16715.014
16715.116
16715.115
16715.013
16715.114
16715.113
16715.012
16715.011
16715.112
16715.010
16715.009
16715.110
16715.109
16715.008
16715.108
16715.007
16715.107
16715.006
16715.005
16715.105
16715.004
16715.104
16715.003
16715.102
16715.101
16715.002
16715.001
16714.303
16714.204
16714.003
16714.203
16714.002
16714.302
16714.202
16714.301
16714.201
16714.001
16713.012
16713.011
16713.313
16713.312
16713.311
16713.310
16713.309
16713.308
16713.205
16713.010
16713.307
16713.306
16713.102
16713.204
16713.009
16713.305
16713.304
16713.008
16713.303
16713.101
16713.302
16713.007
16713.006
16713.301
16713.203
16713.005
16713.202
16713.004
16713.201
16713.003
16713.002
16713.001
16711.122
16711.121
16711.020
16711.120
16711.019
16711.119
16711.119
16711.118
16711.018
16711.117
16711.017
16711.116
16711.016
16711.115
16711.114
16711.113
16711.015
16711.112
16711.014
16711.111
16711.110
16711.109
16711.013
16711.012
16711.108
16711.011
16711.311
16711.010
16711.310
16711.309
16711.009
16711.008
16711.107
16711.106
16711.007
16711.006
16711.005
16711.308
16711.307
16711.004
16711.003
16711.306
16711.305
16711.002
16711.001
16711.105
16711.304
16711.303
16711.302
16711.301
16711.104
16711.103
16711.102
16711.101
16710.116
16710.018
16710.115
16710.017
16710.114
16710.113
16710.016
16710.015
16710.112
16710.014
16710.111
16710.013
16710.012
16710.011
16710.010
16710.110
16710.009
16710.008
16710.007
16710.006
16710.005
16710.004
16710.003
16710.002
16710.001
16710.109
16710.108
16710.107
16710.106
16710.105
16710.104
16710.103
16710.102
16710.101
16709.105
16709.104
16709.103
16709.102
16709.004
16709.003
16709.002
16709.001
16709.101
16705.001
16705.101
16705.201
16704.003
16704.104
16704.203
16704.103
16704.002
16704.102
16704.202
16704.201
16704.001
16704.101 
16701.001
16701.101
16699.103
16699.003
16699.002
16699.102
16699.101
16699.001
16698.103
16698.003
16698.002
16698.102
16698.101
16698.001
16697.001
16697.101
16693.103
16693.003
16693.102
16693.002
16693.001
16693.101
16691.103
16691.003
16691.002
16691.001
16691.101
16690.103
16690.002
16690.102
16690.001
16690.101
16687.205
16687.204
16687.203
16687.202
16687.201
16686.107
16686.007
16686.106
16686.006
16686.105
16686.005
16686.104
16686.004
16686.103
16686.003
16686.102
16686.002
16686.001
16686.101
16685.102
16685.002
16685.001
16685.101
16682.001
16681.101
16678.103
16678.002
16678.102
16678.001
16678.101
16674.209
16674.208
16674.207
16674.206
16674.205
16674.204
16674.203
16674.202
16674.201
16674.001
16671.005
16671.104
16671.004
16671.103
16671.102
16671.003
16671.101
16671.304
16671.303
16671.302
16671.002
16671.301
16671.001
16669.304
16669.010
16669.303
16669.009
16669.008
16669.007
16669.006
16669.302
16669.004
16669.003
16669.002
16669.001
16669.301
16668.006
16668.307
16668.306
16668.005
16668.305
16668.004
16668.304
16668.003
16668.002
16668.303
16668.001
16668.302
16668.301
16667.209
16667.308
16667.208
16667.307
16667.207
16667.306
16667.206
16667.205
16667.305
16667.304
16667.204
16667.105
16667.104
16667.303
16667.103
16667.203
16667.102
16667.302
16667.202
16667.201
16667.301
16667.101
16665.107
16665.307
16665.207
16665.106
16665.306
16665.206
16665.305
16665.205
16665.105
16665.304
16665.204
16665.104
16665.103
16665.203
16665.303
16665.102
16665.202
16665.302
16665.301
16665.101
16665.201
16664.103
16664.203
16664.102
16664.302
16664.202
16664.301
16664.101
16664.201
16664.001
16663.004
16663.205
16663.003
16663.104
16663.103
16663.002
16663.102
16663.204
16663.302
16663.101
16663.001
16663.203
16663.202
16663.201
16662.212
16662.211
16662.210
16662.015
16662.014
16662.013
16662.012
16662.011
16662.010
16662.209
16662.208
16662.306
16662.009
16662.109
16662.008
16662.108
16662.207
16662.305
16662.007
16662.106
16662.105
16662.006
16662.005
16662.104
16662.205
16662.004
16662.003
16662.102
16662.002
16662.202
16662.101
16662.301
16662.001
16662.201
16661.203
16661.303
16661.003
16661.202
16661.002
16661.101
16661.301
16661.001
16661.201
16659.003
16659.103
16659.102
16659.002
16659.101
16659.301
16659.001
16659.201
16657.003
16657.104
16657.205
16657.204
16657.303
16657.103
16657.002
16657.203
16657.302
16657.301
16657.102
16657.101
16657.001
16657.202
16657.201
16656.006
16656.107
16656.106
16656.208
16656.309
16656.207
16656.308
16656.105
16656.005
16656.307
16656.206
16656.306
16656.104
16656.004
16656.305
16656.304
16656.205
16656.003
16656.103
16656.203
16656.002
16656.102
16656.302
16656.202
16656.101
16656.001
16656.201
16655.005
16655.105
16655.306
16655.206
16655.104
16655.004
16655.305
16655.205
16655.304
16655.204
16655.103
16655.003
16655.203
16655.303
16655.002
16655.102
16655.202
16655.302
16655.301
16655.001
16655.101
16655.201
16654.202
16654.003
16654.103
16654.102
16654.101
16654.201
16654.002
16654.001
16653.101
16653.302
16653.202
16653.001
16653.201
16653.301
16650.007
16650.107
16650.307
16650.210
16650.209
16650.208
16650.106
16650.006
16650.306
16650.105
16650.005
16650.305
16650.207
16650.004
16650.104
16650.304
16650.206
16650.103
16650.003
16650.303
16650.205
16650.302
16650.204
16650.203
16650.002
16650.102
16650.101
16650.001
16650.201
16648.101
16648.301
16648.201
16648.001
16646.301
16646.101
16646.002
16646.001
16646.201
16645.203
16645.202
16645.201
16645.001
16643.006
16643.105
16643.308
16643.307
16643.207
16643.306
16643.005
16643.104
16643.305
16643.304
16643.206
16643.004
16643.103
16643.205
16643.303
16643.003
16643.102
16643.002
16643.202
16643.101
16643.001
16643.201
16638.106
16638.004
16638.105
16638.104
16638.003
16638.103
16638.002
16638.102
16638.101
16638.001
16637.006
16637.005
16637.004
16637.103
16637.003
16637.002
16637.102
16637.101
16637.001
16636.004
16636.003
16635.112
16635.009
16635.111
16635.110
16635.109
16635.108
16635.107
16635.008
16635.106
16635.007
16635.105
16635.006
16635.104
16635.005
16635.103
16635.102
16635.004
16635.003
16635.101
16635.002
16635.201
16635.001
16633.110
16633.109
16633.010
16633.009
16633.008
16633.108
16633.206
16633.107
16633.007
16633.205
16633.106
16633.006
16633.305
16633.105
16633.005
16633.204
16633.304
16633.104
16633.004
16633.003
16633.103
16633.002
16633.102
16633.302
16633.202
16633.101
16633.301
16633.001
16633.201
16632.008
16632.106
16632.211
16632.308
16632.007
16632.105
16632.307
16632.210
16632.006
16632.104
16632.209
16632.208
16632.103
16632.005
16632.207
16632.102
16632.004
16632.206
16632.205
16632.003
16632.204
16632.101
16632.301
16632.002
16632.203
16632.202
16632.001
16632.201
16631.101
16631.301
16631.001
16631.201
16629.001
16629.201
16629.301
16629.101
16628.101
16628.301
16628.201
16628.001
16627.109
16627.009
16627.310
16627.208
16627.108
16627.008
16627.309
16627.308
16627.207
16627.307
16627.206
16627.007
16627.107
16627.306
16627.205
16627.106
16627.006
16627.105
16627.005
16627.305
16627.304
16627.204
16627.104
16627.004
16627.303
16627.203
16627.103
16627.003
16627.302
16627.202
16627.102
16627.002
16627.101
16627.301
16627.001
16627.201
16627.303
16627.203
16627.103
16627.003
16627.302
16627.202
16627.102
16627.002
16627.101
16627.301
16627.001
16627.201
16626.307
16626.206
16626.106
16626.006
16626.105
16626.005
16626.306
16626.305
16626.205
16626.104
16626.004
16626.204
16626.304
16626.003
16626.103
16626.303
16626.203
16626.102
16626.002
16626.302
16626.202
16626.101
16626.301
16626.001
16626.201
16625.104
16625.004
16625.003
16625.103
16625.204
16625.203
16625.002
16625.102
16625.101
16625.302
16625.001
16623.303
16623.203
16623.101
16623.002
16623.302
16623.301
16623.001
16623.202
16623.201
16622.007
16622.106
16622.307
16622.207
16622.105
16622.006
16622.206
16622.306
16622.005
16622.104
16622.305
16622.205
16622.004
16622.103
16622.204
16622.203
16622.303
16622.003
16622.002
16622.102
16622.101
16622.301
16622.001
16622.201
16621.101
16621.301
16621.001
16621.201
16620.107
16620.007
16620.304
16620.204
16620.106
16620.006
16620.303
16620.203
16620.005
16620.105
16620.004
16620.104
16620.302
16620.202
16620.003
16620.103
16620.102
16620.002
16620.301
16620.101
16620.001
16619.310
16619.309
16619.308
16619.210
16619.012
16619.107
16619.307
16619.209
16619.106
16619.011
16619.306
16619.208
16619.105
16619.010
16619.305
16619.304
16619.207
16619.104
16619.104
16619.009
16619.008
16619.103
16619.206
16619.302
16619.102
16619.205
16619.007
16619.204
16619.006
16619.203
16619.005
16619.004
16619.003
16619.202
16619.101
16619.301
16619.201
16619.002
16619.001
16618.308
16618.208
16618.107
16618.008
16618.307
16618.207
16618.007
16618.306
16618.206
16618.106
16618.006
16618.305
16618.205
16618.105
16618.005
16618.304
16618.204
16618.104
16618.004
16618.003
16618.103
16618.002
16618.102
16618.202
16618.101
16618.301
16618.001
16618.201
16616.301
16616.202
16616.102
16616.101
16616.003
16616.002
16616.001
16615.303
16615.302
16615.301
16615.203
16615.202
16615.201
16615.101
16615.003
16615.002
16615.001
16614.303
16614.302
16614.301
16614.202
16614.201
16613.301
16610.301
16602.305
16602.304
16602.303
16602.302
16602.301
16602.205
16602.204
16602.203
16602.202
16602.201
16602.105
16602.104
16602.103
16602.102
16602.101
16602.005
16602.004
16602.003
16602.002
16602.001
16599.301
16599.202
16599.201
16599.101
16599.008
16599.007
16599.006
16599.005
16599.004
16599.003
16599.002
16599.001
16598.216
16598.215
16598.214
16598.213
16598.212
16598.211
16598.210
16598.209
16598.208
16598.207
16598.206
16598.205
16598.204
16598.203
16598.202
16598.201
16597.304
16597.303
16597.302
16597.301
16597.205
16597.204
16597.203
16597.202
16597.201
16597.104
16597.103
16597.102
16597.101
16597.004
16597.003
16597.002
16597.001
16596.301
16596.201
16596.101
16596.001
16595.301
16595.202
16595.201
16595.101
16595.001
16594.307
16594.306
16594.305
16594.304
16594.303
16594.302
16594.301
16594.207
16594.206
16594.205
16594.204
16594.203
16594.202
16594.201
16594.106
16594.105
16594.104
16594.103
16594.102
16594.101
16594.008
16594.007
16594.006
16594.005
16594.004
16594.003
16594.002
16594.001
16593.304
16593.303
16593.302
16593.301
16593.209
16593.208
16593.204
16593.203
16593.107
16593.104
16593.102
16593.101
16593.007
16593.006
16593.004
16593.003
16593.002
16593.001
16592.305
16592.304
16592.303
16592.302
16592.301
16592.206
16592.205
16592.204
16592.203
16592.202
16592.201
16592.106
16592.104
16592.103
16592.102
16592.101
16592.007
16592.004
16592.003
16592.002
16592.001
16591.302
16591.301
16591.202
16591.201
16591.102
16591.101
16591.002
16591.001
16588.302
16588.301
16588.202
16588.201
16588.102
16588.101
16588.002
16588.001
16587.304
16587.303
16587.302
16587.301
16587.205
16587.204
16587.203
16587.202
16587.201
16587.109
16587.108
16587.107
16587.106
16587.105
16587.104
16587.103
16587.102
16587.101
16587.005
16587.004
16587.003
16587.002
16587.001
16586.305
16586.304
16586.303
16586.302
16586.301
16586.206
16586.205
16586.204
16586.203
16586.202
16586.201
16586.104
16586.103
16586.102
16586.101
16586.005
16586.004
16586.003
16586.002
16586.001
16585.319
16585.318
16585.317
16585.316
16585.315
16585.314
16585.313
16585.312
16585.311
16585.310
16585.309
16585.308
16585.307
16585.306
16585.305
16585.304
16585.303
16585.302
16585.301
16585.209
16585.208
16585.207
16585.206
16585.205
16585.204
16585.203
16585.202
16585.201
16585.109
16585.108
16585.107
16585.106
16585.105
16585.104
16585.103
16585.102
16585.101
16585.011
16585.010
16585.009
16585.008
16585.007
16585.006
16585.005
16585.004
16585.003
16585.002
16585.001
16583.301
16583.202
16583.201
16583.101
16583.002
16583.001
16582.306
16582.305
16582.304
16582.303
16582.302
16582.301
16582.205
16582.204
16582.203
16582.202
16582.201
16582.106
16582.105
16582.104
16582.103
16582.102
16582.101
16582.005
16582.004
16582.003
16582.002
16582.001
16578.302
16578.301
16578.203
16578.202
16578.201
16578.103
16578.102
16578.101
16578.003
16578.002
16578.001
16577.301
16577.201
16577.101
16577.002
16576.303
16576.302
16576.301
16576.202
16576.201
16576.102
16576.101
16576.002
16576.001
16573.201
16573.002
16573.001
16570.310
16570.309
16570.308
16570.307
16570.306
16570.305
16570.304
16570.303
16570.302
16570.301
16570.208
16570.207
16570.206
16570.205
16570.204
16570.203
16570.109
16570.108
16570.107
16570.106
16570.105
16570.104
16570.103
16570.102
16570.101
16570.009
16570.008
16570.007
16570.006
16570.005
16570.004
16570.003
16570.002
16570.001
16569.302
16569.301
16569.201
16569.101
16569.001
16568.302
16568.301
16568.201
16568.106
16568.105
16568.104
16568.103
16568.102
16568.101
16568.009
16568.008
16568.007
16568.006
16568.005
16568.004
16568.003
16568.002
16568.001
16567.304
16567.303
16567.302
16567.301
16567.204
16567.203
16567.202
16567.201
16567.103
16567.102
16567.101
16567.006
16567.005
16567.004
16567.003
16567.002
16567.001
16566.306
16566.305
16566.304
16566.303
16566.302
16566.301
16566.203
16566.202
16566.201
16566.001
16565.301
16565.202
16565.201
16565.105
16565.104
16565.103
16565.102
16565.101
16565.003
16565.002
16565.001
16551.101
16543.207
16543.206
16543.205
16543.204
16543.203
16543.202
16543.201
16543.105
16543.104
16543.103
16543.102
16543.101
16543.006
16543.005
16543.004
16543.003
16543.002
16543.001
16541.205
16541.204
16541.203
16541.202
16541.201
16541.106
16541.105
16541.104
16541.103
16541.102
16541.101
16541.005
16541.004
16541.003
16541.002
16541.001
16539.202
16539.201
16539.102
16539.101
16539.002
16539.001
16538.205
16538.204
16538.203
16538.202
16538.201
16538.105
16538.104
16538.103
16538.102
16538.101
16538.005
16538.004
16538.003
16538.002
16538.001
16535.202
16535.201
16535.102
16535.101
16535.002
16535.001
16534.205
16534.204
16534.203
16534.202
16534.201
16534.106
16534.105
16534.104
16534.103
16534.102
16534.101
16534.005
16534.004
16534.003
16534.002
16534.001
16532.203
16532.202
16532.201
16532.105
16532.104
16532.103
16532.101
16532.004
16532.003
16532.002
16532.001
16531.305
16531.304
16531.303
16531.302
16531.301
16531.208
16531.207
16531.206
16531.205
16531.204
16531.203
16531.202
16531.201
16531.111
16531.110
16531.109
16531.108
16531.107
16531.106
16531.105
16531.104
16531.103
16531.102
16531.101
16530.308
16530.307
16530.306
16530.305
16530.304
16530.303
16530.302
16530.301
16530.207
16530.206
16530.205
16530.204
16530.203
16530.202
16530.201
16530.115
16530.114
16530.113
16530.112
16530.111
16530.110
16530.109
16530.108
16530.107
16530.106
16530.105
16530.104
16530.103
16530.102
16530.101
16530.011
16530.010
16530.009
16530.008
16530.007
16530.006
16530.005
16530.003
16530.002
16530.001
16529.205
16529.204
16529.203
16529.202
16529.201
16529.105
16529.104
16529.103
16529.102
16529.101
16529.005
16529.004
16529.003
16529.002
16529.001
16528.201
16528.101
16528.001
16525.304
16525.303
16525.302
16525.301
16525.208
16525.207
16525.206
16525.205
16525.204
16525.203
16525.202
16525.201
16525.112
16525.111
16525.110
16525.109
16525.108
16525.107
16525.106
16525.105
16525.104
16525.103
16525.102
16525.101
16525.004
16525.003
16525.002
16525.001
16523.204
16523.203
16523.202
16523.201
16523.104
16523.103
16523.102
16523.101
16523.004
16523.003
16523.002
16523.001
16516.216
16516.215
16516.214
16516.213
16516.212
16516.211
16516.210
16516.209
16516.208
16516.207
16516.206
16516.205
16516.204
16516.203
16516.202
16516.201
16515.205
16515.204
16515.203
16515.202
16515.201
16515.107
16515.106
16515.105
16515.104
16515.103
16515.102
16515.101
16515.005
16515.004
16515.003
16515.002
16515.001
16514.301
16514.205
16514.204
16514.203
16514.202
16514.201
16514.113
16514.112
16514.111
16514.110
16514.109
16514.108
16514.107
16514.106
16514.105
16514.104
16514.103
16514.102
16514.101
16514.005
16514.004
16514.003
16514.002
16514.001
16513.301
16513.103
16513.102
16513.101
16513.002
16513.001
16512.305
16512.304
16512.303
16512.302
16512.301
16512.105
16512.104
16512.103
16512.102
16512.101
16512.005
16512.004
16512.003
16512.002
16512.001
16511.106
16511.105
16511.104
16511.103
16511.102
16511.101
16511.005
16511.004
16511.003
16511.002
16511.001
16509.105
16509.104
16509.103
16509.102
16509.101
16509.005
16509.004
16509.003
16509.002
16509.001
16508.102
16508.101
16508.002
16508.001
16507.302
16507.301
16507.105
16507.104
16507.103
16507.102
16507.101
16507.005
16507.004
16507.003
16507.002
16507.001
16506.111
16506.110
16506.109
16506.108
16506.107
16506.106
16506.105
16506.104
16506.103
16506.102
16506.101
16506.007
16506.006
16506.005
16506.004
16506.003
16506.002
16506.001
16505.106
16505.105
16505.104
16505.103
16505.102
16505.101
16505.005
16505.004
16505.003
16505.002
16505.001
16504.104
16504.103
16504.102
16504.101
16504.004
16504.003
16504.002
16504.001
16503.101
16503.001
16502.106
16502.105
16502.104
16502.103
16502.102
16502.101
16502.005
16502.004
16502.003
16502.002
16502.001
16500.102
16500.101
16500.002
16500.001
16499.101
16499.001
16498.106
16498.105
16498.104
16498.103
16498.102
16498.101
16498.006
16498.005
16498.004
16498.003
16498.002
16498.001
16497.103
16497.102
16497.101
16497.003
16497.002
16497.001
16496.307
16496.306
16496.305
16496.304
16496.303
16496.302
16496.301
16496.107
16496.106
16496.105
16496.104
16496.103
16496.102
16496.101
16496.008
16496.007
16496.006
16496.005
16496.004
16496.003
16496.002
16496.001
16495.309
16495.308
16495.307
16495.306
16495.305
16495.304
16495.303
16495.302
16495.301
16495.202
16495.201
16495.109
16495.108
16495.107
16495.106
16495.105
16495.104
16495.103
16495.102
16495.101
16494.302
16494.301
16494.102
16494.101
16494.003
16494.002
16494.001
16493.301
16493.103
16493.102
16493.101
16493.002
16493.001
16492.301
16492.101
16492.001
16491.301
16491.102
16491.101
16491.003
16491.002
16491.001
16490.301
16490.101
16490.001
16489.301
16489.101
16489.001
16487.202
16487.201
16487.103
16487.102
16487.101
16487.003
16487.002
16487.001
16486.202
16486.201
16486.102
16486.101
16486.002
16486.001
16485.201
16485.102
16485.101
16485.001
16484.206
16484.205
16484.204
16484.203
16484.202
16484.201
16484.108
16484.107
16484.106
16484.105
16484.104
16484.103
16484.102
16484.101
16484.005
16484.004
16484.003
16484.002
16484.001
16483.202
16483.201
16483.101
16483.001
16482.101
16482.003
16482.002
16482.001
16481.306
16481.305
16481.304
16481.302
16481.202
16481.201
16481.106
16481.105
16481.103
16481.102
16481.003
16481.002
16481.001
16480.306
16480.305
16480.304
16480.303
16480.302
16480.301
16480.206
16480.205
16480.204
16480.203
16480.202
16480.201
16480.107
16480.106
16480.105
16480.104
16480.103
16480.102
16480.101
16480.007
16480.006
16480.005
16480.004
16480.003
16480.002
16480.001
16479.301
16479.201
16479.101
16479.001
16478.302
16478.301
16478.202
16478.201
16478.102
16478.101
16478.002
16478.001
16476.303
16476.302
16476.301
16476.202
16476.201
16476.104
16476.103
16476.102
16476.101
16476.002
16476.001
16475.305
16475.304
16475.303
16475.302
16475.301
16475.208
16475.207
16475.206
16475.205
16475.204
16475.203
16475.202
16475.201
16475.105
16475.104
16475.103
16475.102
16475.101
16475.006
16475.005
16475.004
16475.003
16475.002
16475.001
16473.202
16473.201
16473.101
16473.001
16472.306
16472.305
16472.304
16472.303
16472.302
16472.301
16472.206
16472.205
16472.204
16472.203
16472.202
16472.201
16472.110
16472.109
16472.108
16472.107
16472.106
16472.105
16472.104
16472.103
16472.102
16472.101
16472.006
16472.005
16472.004
16472.003
16472.002
16472.001
16471.201
16471.101
16471.001
16470.305
16470.304
16470.303
16470.302
16470.301
16470.205
16470.204
16470.203
16470.202
16470.201
16470.105
16470.104
16470.103
16470.102
16470.101
16470.005
16470.004
16470.003
16470.002
16470.001
16469.301
16469.202
16469.201
16469.101
16469.001
16468.302
16468.301
16468.204
16468.203
16468.202
16468.201
16468.103
16468.102
16468.101
16468.003
16468.002
16468.001
16467.201
16467.101
16467.001
16466.201
16466.101
16466.001
16465.305
16465.304
16465.303
16465.302
16465.301
16465.206
16465.205
16465.204
16465.203
16465.202
16465.201
16465.105
16465.104
16465.103
16465.102
16465.101
16465.007
16465.006
16465.005
16465.004
16465.003
16465.002
16465.001
16464.302
16464.301
16464.204
16464.203
16464.202
16464.201
16464.103
16464.102
16464.101
16464.003
16464.002
16464.001
16463.305
16463.304
16463.303
16463.302
16463.301
16463.208
16463.207
16463.206
16463.205
16463.204
16463.203
16463.202
16463.201
16463.111
16463.110
16463.109
16463.108
16463.107
16463.106
16463.105
16463.104
16463.103
16463.102
16463.101
16463.008
16463.007
16463.006
16463.005
16463.004
16463.003
16463.002
16463.001
16462.304
16462.303
16462.302
16462.301
16462.203
16462.202
16462.201
16462.105
16462.104
16462.103
16462.102
16462.101
16462.005
16462.004
16462.003
16462.002
16462.001
16461.305
16461.304
16461.303
16461.302
16461.301
16461.207
16461.206
16461.205
16461.204
16461.203
16461.202
16461.201
16461.108
16461.107
16461.106
16461.105
16461.104
16461.103
16461.102
16461.101
16461.007
16461.006
16461.005
16461.004
16461.003
16461.002
16461.001
16460.304
16460.303
16460.302
16460.301
16460.205
16460.204
16460.203
16460.202
16460.201
16460.107
16460.106
16460.105
16460.104
16460.103
16460.102
16460.101
16460.006
16460.005
16460.004
16460.003
16460.002
16460.001
16459.201
16459.001
16458.305
16458.304
16458.303
16458.302
16458.301
16458.205
16458.204
16458.203
16458.202
16458.201
16458.107
16458.106
16458.105
16458.104
16458.103
16458.102
16458.101
16458.005
16458.004
16458.003
16458.002
16458.001
16456.102
16456.101
16453.304
16453.303
16453.302
16453.301
16453.205
16453.204
16453.203
16453.202
16453.201
16453.105
16453.104
16453.103
16453.102
16453.101
16453.005
16453.004
16453.003
16453.002
16453.001
16452.304
16452.303
16452.302
16452.301
16452.205
16452.204
16452.203
16452.202
16452.201
16452.107
16452.106
16452.105
16452.103
16452.102
16452.101
16452.006
16452.005
16452.004
16452.002
16452.001
16451.304
16451.303
16451.302
16451.301
16451.207
16451.206
16451.205
16451.204
16451.203
16451.202
16451.201
16451.106
16451.105
16451.104
16451.103
16451.102
16451.005
16451.004
16451.003
16451.002
16451.001
16450.308
16450.307
16450.306
16450.305
16450.304
16450.303
16450.302
16450.301
16450.205
16450.204
16450.203
16450.202
16450.201
16450.108
16450.107
16450.106
16450.105
16450.104
16450.103
16450.102
16450.006
16450.005
16450.004
16450.003
16450.002
16450.001
16449.307
16449.306
16449.305
16449.304
16449.303
16449.302
16449.301
16449.207
16449.206
16449.205
16449.204
16449.203
16449.202
16449.201
16449.111
16449.110
16449.109
16449.108
16449.107
16449.106
16449.105
16449.104
16449.103
16449.102
16449.101
16449.007
16449.006
16449.005
16449.004
16449.003
16449.002
16449.001
16447.307
16447.306
16447.305
16447.304
16447.303
16447.302
16447.301
16447.209
16447.208
16447.207
16447.206
16447.205
16447.204
16447.203
16447.202
16447.201
16447.106
16447.105
16447.104
16447.103
16447.102
16447.101
16447.008
16447.007
16447.006
16447.005
16447.004
16447.003
16447.002
16447.001
16446.303
16446.302
16446.301
16446.202
16446.201
16446.103
16446.102
16446.101
16446.002
16446.001
16445.313
16445.312
16445.311
16445.310
16445.309
16445.308
16445.307
16445.305
16445.304
16445.303
16445.302
16445.301
16445.211
16445.210
16445.209
16445.208
16445.207
16445.206
16445.205
16445.204
16445.203
16445.202
16445.201
16445.111
16445.110
16445.109
16445.108
16445.107
16445.106
16445.105
16445.104
16445.103
16445.102
16445.101
16445.008
16445.007
16445.006
16445.005
16445.004
16445.003
16445.002
16445.001
16444.306
16444.305
16444.304
16444.303
16444.302
16444.301
16444.206
16444.205
16444.204
16444.203
16444.202
16444.201
16444.105
16444.104
16444.103
16444.102
16444.101
16444.006
16444.005
16444.004
16444.003
16444.002
16444.001
16442.301
16442.203
16442.202
16442.201
16442.104
16442.103
16442.102
16442.101
16442.003
16442.002
16442.001
16441.201
16441.101
16441.001
16439.302
16439.301
16439.203
16439.202
16439.201
16439.103
16439.102
16439.101
16439.003
16439.002
16439.001
16438.304
16438.303
16438.302
16438.301
16438.204
16438.203
16438.202
16438.201
16438.102
16438.101
16438.004
16438.003
16438.002
16438.001
16437.301
16437.201
16437.001
16436.302
16436.301
16436.202
16436.201
16436.105
16436.104
16436.103
16436.102
16436.101
16436.005
16436.004
16436.003
16436.002
16436.001
16435.304
16435.303
16435.302
16435.301
16435.204
16435.203
16435.202
16435.201
16435.102
16435.101
16435.003
16435.002
16435.001
16434.301
16434.202
16434.201
16434.003
16434.002
16434.001
16433.305
16433.304
16433.303
16433.302
16433.301
16433.204
16433.203
16433.202
16433.201
16433.105
16433.104
16433.103
16433.102
16433.101
16433.005
16433.004
16433.003
16433.002
16433.001
16430.301
16430.202
16430.201
16430.102
16430.101
16430.002
16430.001
16429.101
16427.306
16427.305
16427.304
16427.303
16427.302
16427.301
16427.206
16427.205
16427.204
16427.203
16427.202
16427.201
16427.106
16427.105
16427.104
16427.103
16427.102
16427.101
16427.005
16427.004
16427.003
16427.002
16427.001
16426.303
16426.302
16426.301
16426.204
16426.203
16426.202
16426.201
16426.104
16426.103
16426.102
16426.101
16426.004
16426.003
16426.002
16426.001
16425.201
16425.101
16425.001
16424.302
16424.301
16424.203
16424.202
16424.201
16424.102
16424.101
16424.003
16424.002
16424.001
16423.302
16423.301
16423.201
16423.102
16423.101
16423.002
16423.001
16422.301
16422.202
16422.201
16422.102
16422.101
16422.003
16422.002
16422.001
16421.307
16421.306
16421.305
16421.304
16421.303
16421.302
16421.301
16421.212
16421.211
16421.210
16421.209
16421.208
16421.207
16421.206
16421.205
16421.204
16421.203
16421.202
16421.201
16421.106
16421.105
16421.104
16421.103
16421.102
16421.101
16421.013
16421.012
16421.011
16421.010
16421.009
16421.008
16421.007
16421.006
16421.005
16421.004
16421.003
16421.002
16421.001
16420.301
16420.201
16420.001
16419.301
16419.201
16419.001
16418.302
16418.301
16418.202
16418.201
16418.101
16418.002
16418.001
16417.301
16417.101
16413.210
16413.209
16413.208
16413.207
16413.206
16413.205
16413.204
16413.203
16413.202
16413.201
16412.306
16412.305
16412.304
16412.303
16412.302
16412.301
16412.206
16412.205
16412.204
16412.203
16412.202
16412.201
16412.111
16412.110
16412.109
16412.108
16412.107
16412.106
16412.105
16412.104
16412.103
16412.102
16412.101
16412.007
16412.006
16412.005
16412.004
16412.003
16412.002
16412.001
16411.101
16411.001
16410.307
16410.306
16410.305
16410.304
16410.303
16410.302
16410.301
16410.206
16410.205
16410.204
16410.203
16410.202
16410.201
16410.104
16410.103
16410.102
16410.101
16410.005
16410.004
16410.003
16410.002
16410.001
16409.309
16409.308
16409.307
16409.306
16409.305
16409.303
16409.302
16409.301
16409.208
16409.207
16409.206
16409.205
16409.204
16409.203
16409.202
16409.201
16409.106
16409.105
16409.104
16409.103
16409.102
16409.101
16409.008
16409.007
16409.006
16409.005
16409.004
16409.003
16409.002
16409.001
16408.301
16408.201
16408.101
16408.001
16407.301
16407.201
16407.101
16407.001
16404.303
16404.302
16404.301
16404.202
16404.201
16404.102
16404.101
16404.002
16404.001
16403.201
16403.003
16403.002
16403.001
16402.314
16402.313
16402.312
16402.311
16402.310
16402.309
16402.308
16402.307
16402.306
16402.305
16402.304
16402.303
16402.302
16402.301
16402.217
16402.216
16402.215
16402.214
16402.213
16402.212
16402.211
16402.210
16402.209
16402.208
16402.207
16402.206
16402.205
16402.204
16402.203
16402.202
16402.201
16402.114
16402.113
16402.112
16402.111
16402.110
16402.109
16402.108
16402.107
16402.106
16402.105
16402.104
16402.103
16402.102
16402.101
16402.011
16402.010
16402.009
16402.008
16402.007
16402.006
16402.005
16402.004
16402.003
16402.002
16402.001
16401.306
16401.305
16401.304
16401.303
16401.302
16401.301
16401.207
16401.206
16401.205
16401.204
16401.202
16401.201
16401.111
16401.110
16401.109
16401.108
16401.107
16401.106
16401.105
16401.104
16401.103
16401.102
16401.101
16401.012
16401.011
16401.010
16401.009
16401.008
16401.007
16401.006
16401.005
16401.004
16401.003
16401.002
16401.001
16400.301
16400.201
16400.102
16400.101
16400.002
16400.001
16398.006
16398.005
16398.004
16398.003
16398.002
16398.001
16397.303
16397.302
16397.301
16397.203
16397.202
16397.201
16397.103
16397.102
16397.101
16397.003
16397.002
16397.001
16396.301
16396.201
16396.101
16396.001
16395.301
16395.201
16395.101
16395.001
16387.301
16387.201
16387.101
16387.001
16386.305
16386.304
16386.303
16386.302
16386.301
16386.205
16386.204
16386.203
16386.202
16386.201
16386.105
16386.104
16386.103
16386.102
16386.101
16386.005
16386.004
16386.003
16386.002
16386.001
16383.304
16383.303
16383.302
16383.301
16383.202
16383.201
16383.002
16383.001
16382.201
16381.303
16381.302
16381.301
16381.205
16381.204
16381.203
16381.202
16381.201
16381.002
16381.001
16380.302
16380.301
16376.301
16376.101
16375.301
16375.201
16375.001
16374.301
16374.101
16366.314
16366.313
16366.312
16366.311
16366.310
16366.309
16366.308
16366.307
16366.306
16366.305
16366.304
16366.303
16366.302
16366.301
16366.211
16366.210
16366.209
16366.208
16366.207
16366.206
16366.205
16366.204
16366.203
16366.202
16366.201
16366.108
16366.107
16366.106
16366.105
16366.104
16366.103
16366.102
16366.101
16366.008
16366.007
16366.006
16366.005
16366.004
16366.003
16366.002
16366.001
16364.301
16364.202
16364.102
16364.101
16364.002
16364.001
16363.302
16363.301
16363.201
16363.101
16363.001
16362.302
16362.301
16362.201
16362.103
16362.102
16362.101
16362.003
16362.002
16362.001
16359.303
16359.302
16359.301
16359.202
16359.201
16359.101
16359.002
16359.001
16358.301
16358.201
16358.101
16358.001
16357.304
16357.303
16357.302
16357.301
16357.203
16357.202
16357.201
16357.103
16357.102
16357.101
16357.003
16357.002
16357.001
16355.301
16355.202
16355.201
16355.102
16355.101
16355.002
16355.001
16354.301
16354.201
16354.101
16354.002
16354.001
16351.301
16350.303
16350.302
16350.301
16350.202
16350.201
16350.102
16350.101
16350.002
16350.001
16349.201
16349.001
16348.302
16348.301
16348.202
16348.201
16348.103
16348.102
16348.101
16348.004
16348.003
16348.002
16348.001
16347.301
16347.201
16347.101
16347.001
16346.302
16346.301
16346.202
16346.201
16346.103
16346.102
16346.101
16346.005
16346.004
16346.003
16346.002
16346.001
16340.304
16340.303
16340.302
16340.301
16340.204
16340.203
16340.202
16340.201
16340.104
16340.103
16340.102
16340.101
16340.006
16340.005
16340.004
16340.003
16340.002
16340.001
16320.304
16320.303
16320.302
16320.201
16320.101
16320.002
16320.001
16311.203
16311.202
16311.201
16311.001
16310.301
16310.201
16310.101
16310.001
16309.301
16309.201
16309.101
16309.001
16308.302
16308.301
16308.203
16308.202
16308.201
16308.103
16308.102
16308.101
16308.008
16308.007
16308.003
16308.002
16308.001
16303.301
16303.202
16303.201
16303.101
16303.001
16302.303
16302.302
16302.301
16302.202
16302.201
16302.103
16302.102
16302.101
16302.002
16302.001
16300.301
16300.201
16300.101
16300.001
16299.302
16299.301
16299.202
16299.201
16299.102
16299.101
16299.002
16299.001
16295.399
16295.301
16295.299
16295.201
16295.199
16295.101
16295.099
16295.001
16294.301
16294.201
16294.101
16294.003
16294.002
16294.001
16292.301
16292.201
16292.101
16292.002
16292.001
16288.304
16288.303
16288.302
16288.301
16288.106
16288.105
16288.104
16288.103
16288.102
16288.101
16286.201
16286.001
16272.303
16272.302
16272.301
16272.205
16272.204
16272.203
16272.202
16272.201
16272.102
16272.101
16272.001
16271.201
16271.002
16271.001
16268.307
16268.306
16268.305
16268.304
16268.303
16268.302
16268.301
16268.101
16266.301
16266.201
16266.103
16266.102
16266.101
16266.001
16263.306
16263.305
16263.304
16263.303
16263.302
16263.301
16263.213
16263.212
16263.211
16263.210
16263.209
16263.208
16263.207
16263.206
16263.205
16263.204
16263.203
16263.202
16263.201
16263.108
16263.107
16263.106
16263.105
16263.104
16263.103
16263.102
16263.101
16263.012
16263.011
16263.010
16263.009
16263.008
16263.007
16263.006
16263.005
16263.004
16263.003
16263.002
16263.001
16261.212
16261.211
16261.210
16261.209
16261.208
16261.207
16261.206
16261.205
16261.204
16261.203
16261.202
16261.201
16261.003
16261.002
16261.001
16259.204
16259.203
16259.202
16259.201
16259.102
16259.101
16259.002
16259.001
16255.302
16255.301
16255.203
16255.202
16255.201
16245.021
16245.020
16245.019
16245.018
16245.017
16245.016
16245.015
16245.014
16245.013
16245.012
16245.011
16245.010
16245.009
16245.008
16245.007
16245.006
16245.005
16245.004
16245.003
16245.002
16245.001
16235.302
16235.301
