15399.207
15399.206
15399.205
15399.204
15399.203
15399.202
15399.201
15397.210
15397.209
15397.208
15397.207
15397.206
15397.205
15397.204
15397.203
15397.202
15397.201
15395.202
15395.201
15394.202
15394.201
15393.207
15393.206
15393.205
15393.204
15393.203
15393.202
15393.201
15392.207
15392.206
15392.205
15392.204
15392.203
15392.202
15392.201
15390.203
15390.202
15390.201
15386.205
15386.204
15386.203
15386.202
15386.201
15384.204
15384.203
15384.202
15383.202
15383.201
15382.201
15381.201
15380.206
15380.205
15380.204
15380.203
15380.202
15380.201
15379.202
15379.201
15378.207
15378.206
15378.205
15378.204
15378.203
15378.202
15378.201
15377.204
15377.203
15377.202
15377.201
15376.208
15376.207
15376.206
15376.205
15376.204
15376.203
15376.202
15376.201
15375.202
15375.201
15373.203
15373.202
15373.201
15372.205
15372.204
15371.205
15371.204
15371.203
15371.202
15370.202
15370.201
15369.206
15369.205
15369.204
15369.203
15369.202
15369.201
15368.208
15368.207
15368.206
15368.205
15368.203
15368.202
15368.201
15366.210
15366.209
15366.208
15366.207
15366.206
15366.205
15366.204
15366.203
15366.202
15366.201
15365.206
15365.205
15365.203
15365.202
15365.201
15364.206
15364.205
15364.204
15364.203
15364.202
15364.201
15363.209
15363.208
15363.207
15363.206
15363.205
15363.204
15363.203
15363.202
15363.201
15359.204
15359.203
15359.202
15359.201
15357.203
15357.202
15357.201
15356.207
15356.206
15356.205
15356.204
15356.203
15356.202
15356.201
15354.202
15354.201
15353.203
15353.202
15353.201
15352.202
15352.201
15350.201
15349.201
15348.201
15347.201
15346.201
15344.201
15343.203
15343.202
15343.201
15342.205
15342.204
15342.203
15342.202
15342.201
15338.205
15338.204
15338.203
15338.202
15338.201
15337.207
15337.206
15337.205
15337.204
15337.203
15337.202
15337.201
15336.201
15335.210
15335.209
15335.208
15335.207
15335.206
15335.205
15335.204
15335.203
15335.202
15335.201
15333.201
15331.204
15331.203
15331.202
15331.201
15325.203
15325.202
15325.201
15324.207
15324.206
15324.205
15324.204
15324.203
15324.202
15324.201
15323.203
15323.202
15323.201
15322.208
15322.207
15322.206
15322.205
15322.204
15322.203
15322.202
15322.201
15316.204
15316.203
15316.202
15316.201
15315.205
15315.204
15315.203
15315.202
15315.201
15314.207
15314.206
15314.205
15314.204
15314.203
15314.202
15314.201
15312.202
15312.201
15311.202
15311.201
15303.203
15303.202
15303.201
15302.203
15302.202
15302.201
15300.203
15300.202
15300.201
