15475.101
15474.111
15474.110
15474.109
15474.108
15474.107
15474.106
15474.105
15474.104
15474.103
15474.102
15474.101
15473.103
15424.101
15423.102
15423.101
15419.108
15419.107
15419.106
15419.105
15419.104
15419.103
15419.102
15419.101
15418.106
15418.105
15418.104
15418.103
15418.102
15418.101
15417.107
15417.106
15417.105
15417.104
15417.103
15417.102
15417.101
15416.105
15416.104
15416.103
15416.102
15416.101
15415.103
15415.102
15415.101
15413.101
15412.103
15412.102
15412.101
15410.105
15410.104
15410.103
15410.102
15410.101
15408.109
15408.108
15408.107
15408.106
15408.105
15408.104
15408.103
15408.102
15408.101
15407.101
15405.101
15404.104
15404.103
15404.102
15404.101
15403.108
15403.107
15403.106
15403.105
15403.104
15403.103
15403.102
15403.101
15402.103
15402.102
15402.101
