17396.101
17396.102
17396.103
17396.104
17396.105
17396.201
17396.202
17396.203
17396.204
17396.205
17396.206
17396.301
17396.302
17396.303
17396.304
17396.305
17399.101
17399.102
17399.201
17399.202
17399.203
17399.204
17399.205
17399.206
17399.207
17399.301
17399.302
17399.303
17399.304
17399.305
17399.306
17399.307
17399.308
17400.001
17400.101
17400.201
17402.001
17402.101
17402.102
17402.103
17402.104
17402.201
17402.202
17402.203
17402.204
17402.205
17402.301
17402.302
17402.303
17402.304
17403.101
17403.102
17403.201
17403.202
17403.301
17403.302
17403.303
17405.001
17405.101
17405.102
17405.201
17405.202
17405.301
17406.101
17406.102
17406.103
17406.104
17406.105
17406.106
17406.201
17406.202
17406.203
17406.204
17406.205
17406.301
17406.302
17406.303
17406.304
17406.305
17406.306
17407.101
17407.102
17407.103
17407.104
17407.202
17407.203
17407.204
17407.205
17407.206
17407.302
17407.303
17407.304
17407.305
17408.001
17408.101
17408.102
17408.103
17408.104
17408.105
17408.201
17408.202
17408.203
17408.204
17408.205
17408.206
17408.301
17408.302
17408.303
17408.304
17408.305
17409.001
17409.101
17409.102
17409.201
17409.202
17409.203
17409.204
17409.301
17409.302
17410.101
17410.102
17410.103
17410.104
17410.105
17410.106
17410.201
17410.202
17410.203
17410.301
17410.302
17410.303
17410.304
17410.305
17410.306
17411.001
17411.002
17411.101
17411.201
17411.202
17411.301
17414.001
17414.002
17414.101
17414.102
17414.103
17414.104
17414.105
17414.201
17414.202
17414.203
17414.204
17414.205
17414.206
17414.301
17414.302
17414.303
17414.304
17414.305
17415.001
17415.002
17415.003
17415.004
17415.005
17415.006
17415.007
17415.008
17415.101
17415.102
17415.103
17415.104
17415.105
17415.201
17415.202
17415.203
17415.204
17415.205
17415.206
17415.301
17415.302
17415.303
17415.304
17415.305
17416.001
17416.002
17416.003
17416.101
17416.102
17416.103
17416.104
17416.105
17416.106
17416.201
17416.202
17416.203
17416.204
17416.205
17416.206
17416.207
17416.301
17416.302
17416.303
17416.304
17416.305
17417.001
17417.101
17417.102
17417.103
17417.104
17417.105
17417.201
17417.202
17417.203
17417.204
17417.205
17417.206
17417.207
17417.208
17417.209
17417.210
17417.211
17417.212
17417.213
17417.214
17417.215
17417.216
17417.217
17417.218
17417.301
17417.302
17417.303
17417.304
17417.305
17420.201
17420.202
17420.203
17420.204
17423.001
17423.101
17423.102
17423.103
17423.104
17423.201
17423.202
17423.203
17423.204
17423.205
17423.301
17423.302
17423.303
17423.304
17423.305
17426.001
17426.101
17426.102
17426.103
17426.104
17426.201
17426.202
17426.203
17426.204
17426.205
17426.301
17426.302
17426.303
17426.304
17426.305
17427.101
17427.102
17427.103
17427.104
17427.201
17427.202
17427.203
17427.301
17427.302
17427.303
17427.304
17427.305
17427.306
17427.307
17429.101
17429.102
17429.103
17429.104
17429.105
17429.201
17429.202
17429.203
17429.204
17429.301
17429.302
17429.303
17429.304
17430.101
17430.102
17430.103
17430.104
17430.105
17430.201
17430.202
17430.203
17430.204
17430.205
17430.206
17430.207
17430.208
17430.209
17430.210
17430.211
17430.212
17430.213
17430.214
17430.301
17430.302
17430.303
17430.304
17430.305
17431.101
17431.102
17431.103
17431.104
17431.105
17431.201
17431.202
17431.203
17431.204
17431.301
17431.302
17431.303
17431.304
17431.305
17433.001
17433.101
17433.102
17433.103
17433.104
17433.201
17433.202
17433.203
17433.204
17433.205
17433.206
17433.207
17433.208
17433.301
17433.302
17433.303
17433.304
17434.101
17434.102
17434.103
17434.104
17434.105
17434.201
17434.202
17434.203
17434.204
17434.205
17434.206
17434.207
17434.208
17434.209
17434.210
17434.211
17434.212
17434.213
17434.214
17434.301
17434.302
17434.303
17434.304
17434.305
17434.306
17436.001
17436.101
17436.102
17436.103
17436.104
17436.201
17436.202
17436.203
17436.204
17436.205
17438.101
17438.102
17438.103
17438.104
17438.105
17438.106
17438.107
17438.201
17438.301
17438.302
17438.303
17438.304
17439.101
17439.102
17439.201
17439.301
17439.302
17440.001
17440.101
17440.102
17440.103
17440.104
17440.201
17440.202
17440.203
17440.204
17440.205
17440.206
17440.207
17440.208
17440.209
17440.301
17440.302
17440.303
17440.304
