15475.209
15475.208
15475.207
15475.206
15475.205
15475.204
15475.203
15475.202
15475.201
15474.206
15474.205
15474.204
15474.203
15474.202
15474.201
15473.209
15473.208
15473.207
15473.206
15473.205
15473.204
15473.203
15473.202
15473.201
15472.206
15472.205
15472.204
15472.203
15472.202
15472.201
15470.205
15470.204
15470.203
15470.202
15470.201
15469.204
15469.203
15469.202
15469.201
15468.202
15468.201
15467.209
15467.208
15467.207
15467.206
15467.205
15467.204
15467.203
15467.202
15467.201
15466.212
15466.211
15466.210
15466.209
15466.208
15466.207
15466.206
15466.205
15466.204
15466.203
15466.202
15466.201
15465.205
15465.204
15465.203
15465.202
15465.201
15462.201
15461.204
15461.203
15461.202
15461.201
15460.203
15460.202
15460.201
15458.204
15458.203
15458.202
15458.201
15457.209
15457.208
15457.207
15457.206
15457.205
15457.204
15457.203
15457.202
15457.201
15453.202
15453.201
15452.205
15452.204
15452.203
15452.202
15452.201
15451.201
15450.201
15449.202
15449.202
15449.201
15448.201
15448.201
15444.206
15444.205
15444.204
15444.203
15444.202
15444.201
15443.208
15443.207
15443.206
15443.205
15443.204
15443.203
15443.202
15443.201
15442.203
15442.202
15442.201
15441.203
15441.202
15438.203
15438.202
15438.201
15437.202
15437.201
15436.210
15436.209
15436.208
15436.207
15436.206
15436.205
15436.204
15436.203
15436.202
15436.201
15435.204
15435.203
15435.202
15435.201
15431.203
15431.202
15431.201
15430.201
15429.202
15429.201
15428.201
15427.208
15427.207
15427.206
15427.205
15427.204
15427.203
15427.202
15427.201
15426.207
15426.206
15426.205
15426.204
15426.203
15426.202
15426.201
15425.204
15425.203
15425.202
15425.201
15424.201
15423.201
15419.207
15419.206
15419.205
15419.204
15419.203
15419.202
15419.201
15418.204
15418.203
15418.202
15418.201
15417.205
15417.204
15417.203
15417.202
15417.201
15416.205
15416.204
15416.203
15416.202
15416.201
15415.203
15415.202
15415.201
15413.201
15410.206
15410.205
15410.204
15410.203
15410.202
15410.201
15408.209
15408.208
15408.207
15408.206
15408.205
15408.204
15408.203
15408.202
15408.201
15407.201
15405.202
15404.204
15404.203
15404.202
15404.201
15403.208
15403.207
15403.206
15403.205
15403.204
15403.203
15403.202
15403.201
15402.203
15402.202
15402.201
