17328.001
17328.002
17328.003
17328.004
17328.005
17328.006
17328.101
17328.102
17328.103
17328.104
17328.105
17328.201
17328.202
17328.203
17328.204
17328.205
17328.301
17328.302
17329.001
17329.002
17329.003
17329.004
17329.101
17329.102
17329.103
17329.104
17329.105
17329.201
17329.202
17329.203
17329.204
17329.205
17329.206
17329.301
17329.302
17329.303
17331.001
17331.002
17331.003
17331.004
17331.005
17331.006
17331.101
17331.102
17331.103
17331.104
17331.105
17331.106
17331.107
17331.201
17331.202
17331.203
17331.204
17331.205
17331.301
17331.302
17333.001
17333.002
17333.003
17333.101
17333.102
17333.103
17333.201
17333.202
17333.203
17333.204
17333.205
17333.206
17333.301
17333.302
17333.303
17333.304
17333.305
17334.001
17334.101
17334.202
17335.001
17335.002
17335.101
17335.102
17335.201
17335.202
17335.301
17337.001
17337.101
17337.201
17338.001
17338.002
17338.003
17338.004
17338.101
17338.102
17338.103
17338.104
17338.201
17338.202
17338.203
17338.204
17338.301
17338.302
17338.303
17339.201
17339.301
17340.001
17340.002
17340.003
17340.004
17340.005
17340.101
17340.102
17340.103
17340.104
17340.201
17340.202
17340.203
17340.204
17340.205
17340.301
17340.302
17340.303
17340.304
17341.001
17341.002
17341.003
17341.004
17341.005
17341.006
17341.007
17341.008
17341.009
17341.010
17341.011
17341.101
17341.102
17341.103
17341.201
17341.202
17341.203
17341.204
17341.205
17341.206
17341.207
17341.208
17341.302
17341.303
17341.304
17341.305
17341.306
17341.307
17344.001
17344.101
17344.201
17344.202
17344.301
17345.001
17345.002
17345.003
17345.004
17345.101
17345.102
17345.103
17345.104
17345.201
17345.202
17345.203
17345.204
17345.205
17345.206
17345.301
17345.302
17345.303
17345.304
17345.305
17346.001
17346.002
17346.101
17346.102
17346.201
17346.202
17346.203
17346.204
17346.205
17346.301
17346.302
17346.303
17346.304
17347.001
17347.002
17347.101
17347.102
17347.202
17347.203
17347.204
17347.205
17347.302
17347.303
17349.001
17349.201
17349.202
17349.301
17349.302
17350.001
17350.201
17350.301
17351.001
17351.201
17351.202
17351.301
17351.302
17352.001
17352.002
17352.003
17352.004
17352.101
17352.102
17352.103
17352.104
17352.201
17352.202
17352.203
17352.204
17352.205
17352.301
17352.302
17352.303
17352.304
17352.305
17352.306
17353.201
17353.202
17353.203
17353.204
17353.205
17353.206
17353.207
17353.208
17353.209
17353.210
17353.211
17353.212
17353.213
17353.214
17353.215
17353.216
17354.101
17354.102
17354.103
17357.001
17357.002
17357.003
17357.201
17357.202
17357.301
17359.001
17359.002
17359.003
17359.004
17359.101
17359.102
17359.103
17359.201
17359.202
17359.203
17359.204
17359.205
17359.301
17359.302
17359.303
17359.304
17359.305
17361.001
17361.201
17361.202
17361.301
17361.302
17362.001
17362.002
17362.201
17362.301
17364.001
17364.201
17364.301
17366.001
17366.002
17366.101
17366.201
17366.202
17366.203
17366.301
17366.302
17366.303
17367.001
17367.002
17367.003
17367.004
17367.005
17367.101
17367.102
17367.103
17367.104
17367.201
17367.202
17367.203
17367.204
17367.205
17367.206
17367.302
17367.303
17367.304
17367.305
17368.001
17368.101
17368.201
17368.202
17368.301
17370.001
17370.002
17370.003
17370.004
17370.101
17370.102
17370.103
17370.104
17370.105
17370.201
17370.202
17370.203
17370.204
17370.205
17370.206
17370.301
17370.302
17370.303
17370.304
17370.305
17370.306
17370.307
17370.308
17371.001
17371.201
17373.001
17373.002
17373.101
17373.201
17375.001
17375.201
17376.001
17376.002
17376.201
17377.301
17377.302
17379.101
17379.201
17379.202
17379.203
17379.204
17379.301
17379.302
17379.303
17380.101
17380.102
17380.201
17380.202
17380.203
17380.204
17380.205
17380.301
17380.302
17380.303
17380.304
17380.305
17382.101
17382.102
17382.103
17382.104
17382.105
17382.201
17382.202
17382.203
17382.204
17382.301
17382.302
17382.303
17382.304
17382.305
17384.101
17384.102
17384.103
17384.104
17384.105
17384.201
17384.202
17384.203
17384.204
17384.205
17384.206
17384.207
17384.208
17384.209
17384.301
17384.302
17384.303
17384.304
17384.305
17384.306
17384.307
17384.308
17384.309
17384.310
17384.311
17384.312
17384.313
17384.314
17384.315
17384.316
17384.317
17384.318
17384.319
17389.101
17389.102
17389.201
17389.202
17389.301
17389.302
17389.303
17389.304
17391.101
17391.102
17391.103
17391.201
17391.202
17391.203
17391.204
17391.205
17391.206
17391.207
17391.208
17391.209
17391.210
17391.211
17391.301
17391.302
17391.303
17391.304
17391.305
17391.306
17391.307
17391.308
17391.309
17391.310
17391.311
17391.312
17391.313
17392.101
17392.301
17393.101
17393.301
17394.101
17394.102
17394.103
17394.201
17394.202
17394.301
17394.302
17394.303
