17201.001
17201.002
17201.003
17201.004
17201.101
17201.102
17201.103
17201.301
17201.302
17201.303
17201.304
17201.305
17202.001
17202.002
17202.003
17202.004
17202.005
17202.101
17202.102
17202.103
17202.104
17202.301
17202.302
17202.303
17202.304
17203.001
17203.002
17203.003
17203.004
17203.101
17203.102
17203.103
17203.104
17203.301
17203.302
17204.001
17204.301
17205.001
17205.002
17205.003
17205.101
17205.102
17205.301
17206.001
17206.002
17206.003
17206.004
17206.101
17206.102
17206.103
17206.104
17206.105
17207.001
17207.002
17207.003
17207.101
17207.102
17207.103
17208.001
17208.002
17208.003
17208.004
17208.101
17209.001
17209.002
17209.003
17209.101
17209.102
17209.103
17209.301
17210.001
17210.002
17210.101
17211.001
17211.101
17213.001
17214.001
17215.001
17216.001
17217.001
17217.002
17217.003
17217.101
17217.102
17218.001
17218.002
17218.003
17218.004
17218.101
17218.102
17218.103
17219.001
17219.002
17219.003
17219.101
17220.001
17220.002
17220.003
17220.004
17220.005
17220.006
17220.007
17220.008
17220.009
17220.101
17220.102
17220.103
17220.104
17220.105
17220.106
17220.107
17220.108
17220.109
17220.110
17220.111
17220.112
17220.113
17220.114
17220.115
17221.001
17221.002
17221.101
17221.102
17221.201
17222.001
17222.002
17222.003
17222.004
17222.101
17222.102
17222.201
17222.202
17222.203
17222.204
17222.301
17222.302
17222.303
17222.304
17222.305
17223.001
17223.002
17223.003
17223.004
17223.101
17223.102
17223.103
17223.104
17223.201
17223.202
17223.203
17223.302
17223.303
17223.304
17228.001
17228.002
17228.301
17228.302
17229.001
17229.101
17230.001
17231.001
17231.002
17232.001
17232.002
17232.003
17232.004
17232.005
17232.006
17232.101
17232.102
17232.103
17232.104
17232.301
17232.302
17232.303
17232.304
17236.001
17236.002
17236.003
17236.004
17236.101
17236.102
17236.103
17236.104
17236.301
17236.302
17236.303
17237.001
17237.002
17237.003
17237.004
17237.005
17237.101
17237.102
17237.103
17237.104
17237.105
17237.301
17237.302
17237.303
17238.001
17238.002
17238.003
17238.004
17238.005
17238.101
17238.102
17238.103
17238.104
17238.105
17238.301
17238.302
17238.303
17239.001
17239.002
17239.003
17239.004
17239.005
17239.101
17239.102
17239.103
17239.104
17239.105
17239.106
17239.301
17239.302
17239.303
17240.001
17240.002
17240.003
17240.004
17240.005
17240.006
17240.101
17240.102
17240.103
17240.104
17240.105
17240.106
17240.301
17240.302
17240.303
17241.001
17241.002
17241.003
17241.004
17241.005
17241.101
17241.102
17241.103
17241.104
17241.105
17241.301
17241.302
17241.303
17244.001
17244.002
17244.003
17244.004
17244.005
17244.006
17244.007
17244.008
17244.101
17244.102
17244.103
17244.104
17244.105
17244.106
17244.107
17244.301
17244.302
17244.303
17244.304
17244.305
17245.001
17245.002
17245.003
17245.101
17245.102
17246.001
17246.002
17246.101
17246.102
17247.001
17247.002
17247.003
17247.004
17247.005
17247.101
17247.102
17247.103
17247.104
17247.105
17247.301
17247.302
17247.303
17248.001
17248.002
17248.003
17248.004
17248.005
17248.006
17248.007
17248.101
17248.102
17248.103
17248.104
17248.105
17248.106
17248.107
17248.301
17248.302
17248.303
17248.304
17250.001
17250.002
17250.003
17250.004
17250.005
17250.101
17250.102
17250.103
17250.104
17250.105
17250.301
17250.302
17250.303
17250.304
