17500.001
17500.002
17500.003
17500.101
17500.102
17500.201
17500.202
17500.203
17500.301
17500.302
17500.303
17500.304
17500.305
17500.306
17502.001
17502.002
17502.003
17502.101
17502.102
17502.103
17502.104
17502.201
17502.202
17502.203
17502.301
17502.302
17503.001
17503.002
17503.201
17503.202
17503.301
17503.302
17503.303
17508.001
17508.201
17512.001
17512.002
17512.003
17512.201
17512.202
17512.203
17512.301
17512.302
17513.001
17513.002
17513.003
17513.201
17513.202
17513.203
17513.301
17513.302
17513.303
17513.304
17514.001
17514.002
17514.003
17514.004
17514.005
17514.201
17514.202
17514.203
17514.204
17514.205
17514.301
17514.302
17514.303
17514.305
17515.001
17515.002
17515.201
17515.202
17515.301
17515.302
17515.303
17517.001
17517.002
17517.003
17517.004
17517.005
17517.201
17517.202
17517.203
17517.204
17517.205
17517.301
17517.302
17517.303
17517.304
17518.001
17518.002
17518.003
17518.004
17518.201
17518.202
17518.203
17518.301
17518.302
17518.303
17518.304
17518.305
17519.001
17519.002
17519.003
17519.004
17519.005
17519.201
17519.202
17519.203
17519.204
17519.205
17519.301
17519.302
17519.303
17519.304
17520.001
17520.002
17520.003
17520.004
17520.201
17520.202
17520.203
17520.204
17520.301
17520.302
17520.303
17520.304
17520.305
17520.306
17521.001
17521.002
17521.003
17521.201
17521.202
17521.203
17521.301
17521.302
17524.001
17524.002
17524.201
17524.202
17524.301
17524.302
17524.303
17526.001
17526.002
17526.003
17526.004
17526.005
17526.201
17526.202
17526.203
17526.204
17526.205
17526.301
17526.302
17526.303
17526.304
17526.305
17526.306
17527.001
17527.002
17527.003
17527.004
17527.201
17527.202
17527.203
17527.301
17527.302
17527.304
17527.305
17529.001
17529.002
17529.003
17529.004
17529.005
17529.201
17529.202
17529.203
17529.204
17529.205
17529.301
17529.302
17529.303
17529.304
17529.305
17530.001
17530.002
17530.003
17530.201
17530.202
17530.203
17530.301
17530.302
17530.303
17530.304
