14900.301
14900.302
14900.303
14900.001
14900.002
14900.201
14900.003
14900.202
14900.304
14900.101
14900.102
14900.004
14900.203
14900.103
14901.001
14901.201
14901.002
14906.101
14906.001
14906.201
14906.002
14906.202
14911.301
14924.301
14924.101
14924.001
14924.201
14924.002
14924.003
14924.004
14924.302
14924.202
14926.301
14927.201
14927.301
14927.302
14927.001
14930.001
14930.201
14930.101
14930.301
14930.002
14930.202
14930.203
14930.102
14930.302
14930.303
14930.304
14930.305
14930.306
14930.307
14930.308
14930.309
14930.310
14930.311
14930.312
14930.313
14930.314
14930.315
14930.316
14930.317
14930.318
14930.103
14930.319
14930.003
14930.204
14930.320
14930.104
14930.321
14930.322
14930.323
14930.324
14930.105
14930.325
14930.326
14930.327
14930.328
14930.329
14934.101
14934.201
14934.202
14934.001
14934.102
14934.203
14934.002
14934.103
14934.003
14934.204
14934.104
14934.301
14934.302
14934.303
14934.304
14934.305
14934.306
14934.307
14934.308
14934.309
14934.310
14934.311
14934.004
14934.205
14934.005
14934.312
14934.313
14934.314
14934.315
14934.316
14934.317
14934.318
14934.319
14934.320
14934.006
14934.206
14934.007
14934.207
14934.105
14934.106
14934.321
14934.322
14934.323
14934.324
14934.325
14934.008
14934.208
14934.209
14934.009
14934.107
14934.108
14934.210
14934.211
14934.212
14934.213
14934.214
14938.001
14938.002
14938.201
14940.001
14941.001
14941.101
14941.002
14944.201
14944.001
14944.301
14944.002
14944.302
14945.301
14945.001
14946.301
14946.302
14946.303
14946.001
14946.201
14946.202
14946.304
14946.305
14946.101
14946.002
14946.003
14951.001
14951.101
14951.301
14951.201
14958.001
14958.201
14958.101
14958.002
14958.003
14958.102
14961.301
14962.301
14962.302
14962.303
14962.001
14964.301
14964.302
14964.201
14964.101
14964.303
14964.304
14970.101
14970.001
14971.001
14971.101
14972.001
14972.101
14972.102
14972.002
14983.101
14983.001
14986.001
14986.002
14986.003
14986.004
14986.101
14986.005
14987.001
14987.002
14987.101
14988.001
14989.001
14989.002
14989.101
14989.003
14989.102
14990.001
14990.002
14990.003
14990.004
14990.101
14990.005
14990.102
14991.001
14991.101
