15466.205
15466.206
15466.207
15466.208
15466.209
15466.210
15466.211
15466.212
15466.301
15466.302
15466.303
15466.304
15466.305
15466.306
15466.307
15466.308
15466.309
15466.310
15466.311
15466.312
15466.313
15466.314
15466.315
15467.001
15467.002
15467.003
15467.004
15467.005
15467.006
15467.007
15467.008
15467.009
15467.010
15467.201
15467.202
15467.203
15467.204
15467.205
15467.206
15467.207
15467.208
15467.209
15467.301
15467.302
15467.303
15467.304
15467.305
15467.306
15467.307
15467.308
15468.001
15468.201
15468.202
15468.301
15468.302
15469.001
15469.002
15469.201
15469.202
15469.203
15469.204
15469.301
15469.302
15469.303
15469.304
15469.305
15470.001
15470.002
15470.003
15470.004
15470.005
15470.201
15470.202
15470.203
15470.204
15470.205
15470.301
15470.302
15470.303
15470.304
15470.305
15470.306
15470.307
15472.001
15472.002
15472.003
15472.004
15472.005
15472.006
15472.007
15472.008
15472.201
15472.202
15472.203
15472.204
15472.205
15472.206
15472.301
15472.302
15472.303
15472.304
15472.305
15472.306
15473.001
15473.002
15473.003
15473.004
15473.005
15473.006
15473.007
15473.103
15473.201
15473.202
15473.203
15473.204
15473.205
15473.206
15473.207
15473.208
15473.209
15473.301
15473.302
15473.303
15473.304
15473.305
15473.306
15473.307
15473.308
15474.001
15474.002
15474.003
15474.004
15474.005
15474.006
15474.007
15474.008
15474.009
15474.101
15474.102
15474.103
15474.104
15474.105
15474.106
15474.107
15474.108
15474.109
15474.110
15474.111
15474.201
15474.202
15474.203
15474.204
15474.205
15474.206
15475.001
15475.002
15475.004
15475.006
15475.007
15475.008
15475.009
15475.010
15475.011
15475.012
15475.013
15475.014
15475.015
15475.016
15475.017
15475.101
15475.201
15475.202
15475.203
15475.204
15475.205
15475.206
15475.207
15475.208
15475.209
