17252.001
17252.101
17253.001
17253.002
17253.003
17253.004
17253.101
17253.102
17253.103
17253.104
17254.001
17254.201
17254.202
17254.203
17254.204
17254.205
17255.001
17255.002
17255.101
17256.001
17256.002
17256.003
17256.101
17256.102
17256.103
17260.001
17260.201
17260.202
17260.203
17260.301
17261.001
17261.002
17261.101
17261.201
17261.202
17261.203
17261.301
17261.302
17261.303
17263.001
17263.002
17263.003
17263.004
17263.101
17263.102
17263.103
17263.201
17263.202
17263.203
17263.204
17263.205
17263.301
17263.302
17263.303
17263.304
17263.305
17265.001
17265.002
17265.003
17265.004
17265.005
17265.006
17265.007
17265.101
17265.102
17265.103
17265.104
17265.105
17265.106
17265.107
17265.201
17265.202
17265.203
17265.204
17265.205
17265.206
17265.301
17265.302
17265.303
17265.304
17265.305
17265.306
17266.001
17266.002
17266.003
17266.004
17266.005
17266.006
17266.007
17266.008
17266.101
17266.102
17266.103
17266.104
17266.105
17266.106
17266.201
17266.202
17266.203
17266.204
17266.205
17266.206
17266.301
17266.302
17266.303
17266.304
17266.305
17266.306
17266.307
17266.308
17267.001
17267.002
17267.003
17267.004
17267.005
17267.006
17267.007
17267.101
17267.102
17267.103
17267.104
17267.105
17267.106
17267.201
17267.202
17267.203
17267.204
17267.205
17267.206
17267.301
17267.302
17267.303
17267.304
17267.305
17267.306
17267.307
17267.308
17268.001
17268.002
17268.003
17268.004
17268.005
17268.006
17268.101
17268.102
17268.103
17268.104
17268.105
17268.201
17268.202
17268.203
17268.204
17268.301
17268.302
17268.303
17269.001
17269.002
17269.003
17269.004
17269.101
17269.102
17269.103
17269.201
17269.202
17269.203
17269.204
17269.205
17269.301
17269.302
17269.303
17269.304
17269.305
17270.001
17270.002
17270.003
17270.101
17270.102
17270.201
17271.001
17271.002
17271.101
17271.102
17271.201
17272.001
17272.201
17272.202
17272.301
17272.302
17273.001
17273.002
17273.003
17273.101
17273.102
17273.201
17273.202
17273.203
17273.204
17273.301
17273.302
17273.303
17273.304
17275.001
17275.201
17275.202
17275.301
17275.302
17276.001
17276.002
17276.101
17276.201
17276.202
17276.203
17276.301
17276.302
17276.303
17277.001
17277.002
17277.101
17277.102
17277.201
17278.001
17278.002
17278.101
17278.102
17278.201
17279.001
17279.002
17279.101
17279.102
17279.201
17280.001
17280.102
17280.201
17281.001
17281.002
17281.003
17281.004
17281.005
17281.101
17281.102
17281.103
17281.104
17281.105
17281.201
17281.202
17281.203
17281.204
17281.301
17281.302
17281.303
17282.001
17282.002
17282.003
17282.004
17282.005
17282.006
17282.007
17282.101
17282.102
17282.103
17282.104
17282.105
17282.201
17282.301
17283.001
17283.002
17283.003
17283.004
17283.005
17283.101
17283.102
17283.103
17283.104
17283.105
17283.106
17283.201
17283.202
17283.301
17283.302
17284.001
17284.002
17284.003
17284.004
17284.101
17284.102
17284.103
17284.104
17284.105
17284.201
17284.202
17284.301
17284.302
17284.303
17286.101
17286.201
17286.202
17286.301
17286.302
17289.001
17289.101
17291.001
17291.002
17291.003
17291.101
17291.102
17291.103
17291.201
17291.202
17291.203
17291.301
17291.302
17292.001
17292.002
17292.101
17292.102
17292.201
17293.001
17293.101
17293.102
17293.103
17293.201
17293.202
17293.203
17293.204
17293.301
17293.302
17293.303
17297.001
17297.002
17297.003
17297.004
17297.005
17297.006
17297.101
17297.102
17297.103
17297.201
17297.202
17297.203
17297.301
17297.302
17301.001
17301.002
17301.003
17301.101
17301.102
17301.103
17301.104
17301.201
17301.202
17301.301
17302.001
17302.002
17302.003
17302.004
17302.101
17302.102
17302.103
17302.104
17302.201
17302.202
17302.203
17302.204
17302.301
17302.302
17302.303
17303.001
17303.101
17303.201
17304.001
17304.002
17304.003
17304.101
17304.102
17304.103
17304.104
17304.105
17304.201
17304.202
17304.203
17304.204
17304.301
17305.001
17305.002
17305.003
17305.101
17305.201
17305.202
17305.203
17305.204
17305.301
17305.302
17305.303
17306.001
17306.002
17306.003
17306.004
17306.101
17306.102
17306.103
17306.201
17306.202
17306.203
17306.204
17306.205
17306.206
17306.207
17306.208
17306.301
17308.001
17308.002
17308.003
17308.004
17308.101
17308.102
17308.103
17308.201
17308.202
17308.203
17308.204
17308.301
17308.302
17308.303
17308.304
17309.001
17309.101
17309.201
17311.001
17311.002
17311.003
17311.004
17311.101
17311.102
17311.103
17311.104
17311.201
17311.202
17311.203
17311.204
17311.301
17311.302
17311.303
17311.304
17312.001
17312.002
17312.003
17312.004
17312.201
17312.202
17312.203
17312.204
17312.301
17312.302
17312.303
17312.304
17313.001
17313.101
17313.201
17314.001
17314.101
17314.201
17315.001
17315.002
17315.003
17315.004
17315.005
17315.101
17315.102
17315.103
17315.104
17315.105
17315.106
17315.107
17315.108
17315.109
17315.201
17315.202
17315.203
17315.204
17315.205
17315.301
17315.302
17315.303
17315.304
17316.001
17316.002
17316.101
17316.102
17316.201
17316.202
17316.203
17317.001
17317.002
17317.003
17317.101
17317.102
17317.103
17317.201
17317.202
17317.203
17317.301
17317.302
17318.001
17318.002
17318.003
17318.004
17318.005
17318.008
17318.101
17318.102
17318.103
17318.104
17318.105
17318.106
17318.110
17318.201
17318.202
17318.203
17318.204
17318.205
17318.206
17318.207
17318.208
17318.301
17318.302
17318.303
17318.304
17321.001
17321.101
17321.201
17322.001
17322.002
17322.003
17322.004
17322.101
17322.102
17322.103
17322.104
17322.201
17322.202
17322.203
17322.204
17322.301
17322.302
17322.303
17324.001
17324.101
17324.201
17324.301
17328.001
17328.002
17328.003
17328.004
17328.005
17328.006
17328.101
17328.102
17328.103
17328.104
17328.105
17328.201
17328.202
17328.203
17328.204
17328.205
17328.301
17328.302
17329.001
17329.002
17329.003
17329.004
17329.101
17329.102
17329.103
17329.104
17329.105
17329.201
17329.202
17329.203
17329.204
17329.205
17329.206
17329.301
17329.302
17329.303
17331.001
17331.002
17331.003
17331.004
17331.005
17331.006
17331.101
17331.102
17331.103
17331.104
17331.105
17331.106
17331.107
17331.201
17331.202
17331.203
17331.204
17331.205
17331.301
17331.302
17333.001
17333.002
17333.003
17333.101
17333.102
17333.103
17333.201
17333.202
17333.203
17333.204
17333.205
17333.206
17333.301
17333.302
17333.303
17333.304
17333.305
17334.001
17334.101
17334.202
17335.001
17335.002
17335.101
17335.102
17335.201
17335.202
17335.301
17337.001
17337.101
17337.201
17338.001
17338.002
17338.003
17338.004
17338.101
17338.102
17338.103
17338.104
17338.201
17338.202
17338.203
17338.204
17338.301
17338.302
17338.303
17339.201
17339.301
17340.001
17340.002
17340.003
17340.004
17340.005
17340.101
17340.102
17340.103
17340.104
17340.201
17340.202
17340.203
17340.204
17340.205
17340.301
17340.302
17340.303
17340.304
17341.001
17341.002
17341.003
17341.004
17341.005
17341.006
17341.007
17341.008
17341.009
17341.010
17341.011
17341.101
17341.102
17341.103
17341.201
17341.202
17341.203
17341.204
17341.205
17341.206
17341.207
17341.208
17341.302
17341.303
17341.304
17341.305
17341.306
17341.307
17344.001
17344.101
17344.201
17344.202
17344.301
17345.001
17345.002
17345.003
17345.004
17345.101
17345.102
17345.103
17345.104
17345.201
17345.202
17345.203
17345.204
17345.205
17345.206
17345.301
17345.302
17345.303
17345.304
17345.305
17346.001
17346.002
17346.101
17346.102
17346.201
17346.202
17346.203
17346.204
17346.205
17346.301
17346.302
17346.303
17346.304
17347.001
17347.002
17347.101
17347.102
17347.202
17347.203
17347.204
17347.205
17347.302
17347.303
17349.001
17349.201
17349.202
17349.301
17349.302
17350.001
17350.201
17350.301
17351.001
17351.201
17351.202
17351.301
17351.302
17352.001
17352.002
17352.003
17352.004
17352.101
17352.102
17352.103
17352.104
17352.201
17352.202
17352.203
17352.204
17352.205
17352.301
17352.302
17352.303
17352.304
17352.305
17352.306
17353.201
17353.202
17353.203
17353.204
17353.205
17353.206
17353.207
17353.208
17353.209
17353.210
17353.211
17353.212
17353.213
17353.214
17353.215
17353.216
17354.101
17354.102
17354.103
17357.001
17357.002
17357.003
17357.201
17357.202
17357.301
17359.001
17359.002
17359.003
17359.004
17359.101
17359.102
17359.103
17359.201
17359.202
17359.203
17359.204
17359.205
17359.301
17359.302
17359.303
17359.304
17359.305
17361.001
17361.201
17361.202
17361.301
17361.302
17362.001
17362.002
17362.201
17362.301
17364.001
17364.201
17364.301
17366.001
17366.002
17366.101
17366.201
17366.202
17366.203
17366.301
17366.302
17366.303
17367.001
17367.002
17367.003
17367.004
17367.005
17367.101
17367.102
17367.103
17367.104
17367.201
17367.202
17367.203
17367.204
17367.205
17367.206
17367.302
17367.303
17367.304
17367.305
17368.001
17368.101
17368.201
17368.202
17368.301
17370.001
17370.002
17370.003
17370.004
17370.101
17370.102
17370.103
17370.104
17370.105
17370.201
17370.202
17370.203
17370.204
17370.205
17370.206
17370.301
17370.302
17370.303
17370.304
17370.305
17370.306
17370.307
17370.308
17371.001
17371.201
17373.001
17373.002
17373.101
17373.201
17375.001
17375.201
17376.001
17376.002
17376.201
17377.301
17377.302
17379.101
17379.201
17379.202
17379.203
17379.204
17379.301
17379.302
17379.303
17380.101
17380.102
17380.201
17380.202
17380.203
17380.204
17380.205
17380.301
17380.302
17380.303
17380.304
17380.305
17382.101
17382.102
17382.103
17382.104
17382.105
17382.201
17382.202
17382.203
17382.204
17382.301
17382.302
17382.303
17382.304
17382.305
17384.101
17384.102
17384.103
17384.104
17384.105
17384.201
17384.202
17384.203
17384.204
17384.205
17384.206
17384.207
17384.208
17384.209
17384.301
17384.302
17384.303
17384.304
17384.305
17384.306
17384.307
17384.308
17384.309
17384.310
17384.311
17384.312
17384.313
17384.314
17384.315
17384.316
17384.317
17384.318
17384.319
17389.101
17389.102
17389.201
17389.202
17389.301
17389.302
17389.303
17389.304
17391.101
17391.102
17391.103
17391.201
17391.202
17391.203
17391.204
17391.205
17391.206
17391.207
17391.208
17391.209
17391.210
17391.211
17391.301
17391.302
17391.303
17391.304
17391.305
17391.306
17391.307
17391.308
17391.309
17391.310
17391.311
17391.312
17391.313
17392.101
17392.301
17393.101
17393.301
17394.101
17394.102
17394.103
17394.201
17394.202
17394.301
17394.302
17394.303
17396.101
17396.102
17396.103
17396.104
17396.105
17396.201
17396.202
17396.203
17396.204
17396.205
17396.206
17396.301
17396.302
17396.303
17396.304
17396.305
17399.101
17399.102
17399.201
17399.202
17399.203
17399.204
17399.205
17399.206
17399.207
17399.301
17399.302
17399.303
17399.304
17399.305
17399.306
17399.307
17399.308
17400.001
17400.101
17400.201
17402.001
17402.101
17402.102
17402.103
17402.104
17402.201
17402.202
17402.203
17402.204
17402.205
17402.301
17402.302
17402.303
17402.304
17403.101
17403.102
17403.201
17403.202
17403.301
17403.302
17403.303
17405.001
17405.101
17405.102
17405.201
17405.202
17405.301
17406.101
17406.102
17406.103
17406.104
17406.105
17406.106
17406.201
17406.202
17406.203
17406.204
17406.205
17406.301
17406.302
17406.303
17406.304
17406.305
17406.306
17407.101
17407.102
17407.103
17407.104
17407.202
17407.203
17407.204
17407.205
17407.206
17407.302
17407.303
17407.304
17407.305
17408.001
17408.101
17408.102
17408.103
17408.104
17408.105
17408.201
17408.202
17408.203
17408.204
17408.205
17408.206
17408.301
17408.302
17408.303
17408.304
17408.305
17409.001
17409.101
17409.102
17409.201
17409.202
17409.203
17409.204
17409.301
17409.302
17410.101
17410.102
17410.103
17410.104
17410.105
17410.106
17410.201
17410.202
17410.203
17410.301
17410.302
17410.303
17410.304
17410.305
17410.306
17411.001
17411.002
17411.101
17411.201
17411.202
17411.301
17414.001
17414.002
17414.101
17414.102
17414.103
17414.104
17414.105
17414.201
17414.202
17414.203
17414.204
17414.205
17414.206
17414.301
17414.302
17414.303
17414.304
17414.305
17415.001
17415.002
17415.003
17415.004
17415.005
17415.006
17415.007
17415.008
17415.101
17415.102
17415.103
17415.104
17415.105
17415.201
17415.202
17415.203
17415.204
17415.205
17415.206
17415.301
17415.302
17415.303
17415.304
17415.305
17416.001
17416.002
17416.003
17416.101
17416.102
17416.103
17416.104
17416.105
17416.106
17416.201
17416.202
17416.203
17416.204
17416.205
17416.206
17416.207
17416.301
17416.302
17416.303
17416.304
17416.305
17417.001
17417.101
17417.102
17417.103
17417.104
17417.105
17417.201
17417.202
17417.203
17417.204
17417.205
17417.206
17417.207
17417.208
17417.209
17417.210
17417.211
17417.212
17417.213
17417.214
17417.215
17417.216
17417.217
17417.218
17417.301
17417.302
17417.303
17417.304
17417.305
17420.201
17420.202
17420.203
17420.204
17423.001
17423.101
17423.102
17423.103
17423.104
17423.201
17423.202
17423.203
17423.204
17423.205
17423.301
17423.302
17423.303
17423.304
17423.305
17426.001
17426.101
17426.102
17426.103
17426.104
17426.201
17426.202
17426.203
17426.204
17426.205
17426.301
17426.302
17426.303
17426.304
17426.305
17427.101
17427.102
17427.103
17427.104
17427.201
17427.202
17427.203
17427.301
17427.302
17427.303
17427.304
17427.305
17427.306
17427.307
17429.101
17429.102
17429.103
17429.104
17429.105
17429.201
17429.202
17429.203
17429.204
17429.301
17429.302
17429.303
17429.304
17430.101
17430.102
17430.103
17430.104
17430.105
17430.201
17430.202
17430.203
17430.204
17430.205
17430.206
17430.207
17430.208
17430.209
17430.210
17430.211
17430.212
17430.213
17430.214
17430.301
17430.302
17430.303
17430.304
17430.305
17431.101
17431.102
17431.103
17431.104
17431.105
17431.201
17431.202
17431.203
17431.204
17431.301
17431.302
17431.303
17431.304
17431.305
17433.001
17433.101
17433.102
17433.103
17433.104
17433.201
17433.202
17433.203
17433.204
17433.205
17433.206
17433.207
17433.208
17433.301
17433.302
17433.303
17433.304
17434.101
17434.102
17434.103
17434.104
17434.105
17434.201
17434.202
17434.203
17434.204
17434.205
17434.206
17434.207
17434.208
17434.209
17434.210
17434.211
17434.212
17434.213
17434.214
17434.301
17434.302
17434.303
17434.304
17434.305
17434.306
17436.001
17436.101
17436.102
17436.103
17436.104
17436.201
17436.202
17436.203
17436.204
17436.205
17438.101
17438.102
17438.103
17438.104
17438.105
17438.106
17438.107
17438.201
17438.301
17438.302
17438.303
17438.304
17439.101
17439.102
17439.201
17439.301
17439.302
17440.001
17440.101
17440.102
17440.103
17440.104
17440.201
17440.202
17440.203
17440.204
17440.205
17440.206
17440.207
17440.208
17440.209
17440.301
17440.302
17440.303
17440.304
17441.101
17441.301
17443.101
17443.102
17443.103
17443.104
17443.105
17443.106
17443.201
17443.202
17443.203
17443.204
17443.205
17443.301
17443.302
17443.303
17443.304
17443.305
17443.306
17443.307
17445.001
17445.002
17445.003
17445.004
17445.005
17445.006
17445.007
17445.008
17445.009
17445.010
17445.011
17445.012
17445.013
17445.014
17445.015
17445.016
17445.017
17445.018
17445.101
17445.102
17445.103
17445.104
17445.105
17445.106
17445.107
17445.108
17445.109
17445.110
17445.111
17445.112
17445.113
17445.114
17445.115
17445.116
17445.117
17445.118
17445.119
17445.201
17445.202
17445.203
17445.204
17445.205
17445.206
17445.207
17445.208
17445.209
17445.210
17445.211
17445.212
17445.213
17445.214
17445.215
17445.216
17445.217
17445.218
17445.219
17445.220
17445.221
17445.222
17445.223
17445.224
17445.225
17445.301
17445.302
17445.303
17445.304
17445.305
17445.306
17445.307
17445.308
17445.309
17445.310
17445.311
17445.312
17445.313
17445.314
17445.315
17445.316
17445.317
17445.318
17445.319
17445.320
17445.321
17447.001
17447.101
17447.102
17447.103
17447.104
17447.201
17447.202
17447.203
17447.204
17447.205
17447.301
17447.302
17447.303
17447.304
17450.101
17450.301
17451.001
17451.002
17451.003
17451.004
17451.101
17451.102
17451.103
17451.104
17451.105
17451.201
17451.202
17451.203
17451.204
17451.301
17451.302
17451.304
17451.305
17451.306
17451.307
17452.001
17452.002
17452.003
17452.004
17452.005
17452.101
17452.102
17452.103
17452.104
17452.201
17452.202
17452.203
17452.204
17452.205
17452.206
17452.207
17452.301
17453.001
17453.002
17453.101
17453.102
17453.103
17453.201
17453.202
17453.301
17453.302
17453.303
17454.001
17454.002
17454.003
17454.101
17454.102
17454.103
17454.104
17454.105
17454.106
17454.107
17454.201
17454.202
17454.203
17454.301
17454.302
17454.303
17454.304
17454.305
17454.306
17454.307
17455.001
17455.002
17455.003
17455.004
17455.005
17455.101
17455.102
17455.103
17455.104
17455.201
17455.202
17455.203
17455.204
17455.205
17455.301
17455.302
17455.303
17455.304
17455.305
17457.101
17457.301
17459.101
17459.301
17460.101
17460.301
17461.001
17461.101
17461.102
17461.201
17461.301
17461.302
17466.001
17466.002
17466.003
17466.004
17466.005
17466.101
17466.102
17466.103
17466.104
17466.105
17466.106
17466.201
17466.202
17466.203
17466.204
17466.205
17466.301
17466.302
17466.303
17466.304
17467.001
17467.002
17467.003
17467.004
17467.005
17467.006
17467.101
17467.102
17467.103
17467.105
17467.106
17467.107
17467.201
17467.202
17467.203
17467.204
17467.205
17467.301
17467.302
17467.303
17467.304
17467.305
17468.101
17468.301
17469.101
17469.301
17470.001
17470.002
17470.101
17470.102
17470.103
17470.201
17470.202
17470.301
17470.302
17470.303
17472.001
17472.002
17472.003
17472.101
17472.102
17472.201
17472.202
17472.203
17472.301
17472.302
17473.001
17473.002
17473.003
17473.004
17473.101
17473.102
17473.103
17473.104
17473.105
17473.106
17473.201
17473.202
17473.203
17473.204
17473.301
17473.302
17473.303
17473.304
17473.305
17473.306
17474.001
17474.002
17474.003
17474.004
17474.005
17474.101
17474.102
17474.103
17474.104
17474.201
17474.202
17474.203
17474.204
17474.205
17474.301
17474.302
17474.303
17474.304
