15424.101
15356.103
15356.102
15356.101
15354.101
15353.103
15353.102
15353.101
15352.101
15350.102
15350.101
15349.101
15348.103
15348.102
15348.101
15347.101
15346.101
15344.101
15343.101
15342.107
15342.106
15342.105
15342.104
15342.103
15342.102
15342.101
15221.122
15221.121
15221.120
15221.118
15221.117
15221.116
15221.115
15221.114
15221.113
15221.112
15221.111
15221.110
15221.109
15221.108
15221.107
15221.106
15221.105
15221.104
15221.103
15221.102
15221.101
15166.108
15166.107
15166.106
15166.105
15166.104
15166.103
15166.102
15166.101
15475.209
15475.208
15475.206
15475.205
15475.204
15475.203
15475.202
15475.201
15474.206
15474.205
15474.204
15474.203
15474.202
15474.201
15473.209
15473.208
15473.207
15473.206
15473.205
15473.204
15473.203
15473.202
15473.201
15472.206
15472.205
15472.204
15472.203
15472.202
15472.201
15470.205
15470.204
15470.203
15470.202
15470.201
15469.204
15469.203
15469.202
15469.201
15468.202
15468.201
15467.209
15467.208
15467.207
15467.206
15467.205
15467.204
15467.203
15467.202
15467.201
15466.212
15466.211
15466.210
15466.209
15466.208
15466.207
15466.206
15466.205
15466.204
15466.203
15466.202
15466.201
15465.205
15465.204
15465.203
15465.202
15465.201
15462.201
15461.204
15461.203
15461.202
15461.201
15460.203
15460.202
15460.201
15458.204
15458.203
15458.202
15458.201
15457.209
15457.208
15457.207
15457.206
15457.205
15457.204
15457.203
15457.202
15457.201
15453.202
15453.201
15452.205
15452.204
15452.203
15452.202
15452.201
15451.201
15450.201
15449.202
15449.202
15449.201
15448.201
15448.201
15444.206
15444.205
15444.204
15444.203
15444.202
15444.201
15443.208
15443.207
15443.206
15443.205
15443.204
15443.203
15443.202
15443.201
15442.203
15442.202
15442.201
15441.203
15441.202
15438.203
15438.202
15438.201
15437.202
15437.201
15436.210
15436.209
15436.208
15436.207
15436.206
15436.205
15436.203
15436.202
15436.201
15435.204
15435.203
15435.202
15435.201
15431.203
15431.202
15431.201
15430.201
15429.202
15429.201
15428.201
15427.208
15427.207
15427.206
15427.205
15427.204
15427.203
15427.202
15427.201
15426.207
15426.206
15426.205
15426.204
15426.203
15426.202
15426.201
15425.204
15425.203
15425.202
15425.201
15424.201
15423.201
15419.207
15419.206
15419.205
15419.204
15419.203
15419.202
15419.201
15418.204
15418.203
15418.202
15418.201
15417.205
15417.204
15417.203
15417.202
15417.201
15416.205
15416.204
15416.203
15416.202
15416.201
15415.203
15415.202
15415.201
15413.201
15410.206
15410.205
15410.204
15410.203
15410.202
15410.201
15408.209
15408.208
15408.207
15408.206
15408.205
15408.204
15408.202
15408.201
15407.201
15405.202
15404.204
15404.203
15404.202
15404.201
15403.208
15403.207
15403.206
15403.205
15403.203
15403.202
15403.201
15402.203
15402.202
15402.201
15399.207
15399.206
15399.205
15399.204
15399.203
15399.202
15399.201
15397.210
15397.209
15397.208
15397.207
15397.206
15397.205
15397.204
15397.203
15397.202
15397.201
15395.202
15395.201
15394.202
15394.201
15393.207
15393.206
15393.205
15393.204
15393.203
15393.202
15393.201
15392.207
15392.206
15392.205
15392.204
15392.203
15392.202
15392.201
15390.203
15390.202
15390.201
15386.205
15386.204
15386.203
15386.202
15386.201
15384.204
15384.203
15384.202
15383.202
15383.201
15382.201
15381.201
15380.206
15380.205
15380.204
15380.203
15380.202
15380.201
15379.202
15379.201
15378.207
15378.206
15378.205
15378.204
15378.203
15378.202
15378.201
15377.204
15377.203
15377.202
15377.201
15376.208
15376.207
15376.206
15376.205
15376.204
15376.203
15376.202
15376.201
15375.202
15375.201
15373.203
15373.202
15373.201
15372.205
15372.204
15371.205
15371.204
15371.203
15371.202
15370.202
15370.201
15369.206
15369.205
15369.204
15369.203
15369.202
15369.201
15368.208
15368.207
15368.206
15368.205
15368.203
15368.202
15368.201
15366.210
15366.209
15366.208
15366.207
15366.206
15366.205
15366.204
15366.203
15366.202
15366.201
15365.206
15365.205
15365.203
15365.202
15365.201
15364.206
15364.205
15364.204
15364.203
15364.202
15364.201
15363.209
15363.208
15363.207
15363.206
15363.205
15363.204
15363.203
15363.202
15363.201
15359.204
15359.203
15359.202
15359.201
15357.203
15357.202
15357.201
15356.207
15356.206
15356.205
15356.204
15356.203
15356.202
15356.201
15354.202
15354.201
15353.203
15353.202
15353.201
15352.202
15352.201
15350.201
15349.201
15348.201
15347.201
15346.201
15344.201
15343.203
15343.202
15343.201
15342.205
15342.204
15342.203
15342.202
15251.207
15251.206
15251.205
15251.204
15251.203
15251.202
15251.201
15249.209
15249.208
15249.207
15249.206
15249.205
15249.204
15249.203
15249.202
15249.201
15246.202
15246.201
15245.201
15244.208
15244.207
15244.206
15244.205
15244.204
15244.203
15244.202
15244.201
15240.201
15239.206
15239.205
15239.204
15239.203
15239.202
15239.201
15233.204
15233.203
15233.202
15233.201
15232.202
15232.201
15230.202
15230.201
15228.206
15228.205
15228.204
15228.203
15228.201
15223.204
15223.203
15223.202
15223.201
15222.201
15221.236
15221.235
15221.234
15221.233
15221.232
15221.231
15221.230
15221.229
15221.228
15221.227
15221.226
15221.225
15221.224
15221.223
15221.222
15221.221
15221.220
15221.219
15221.218
15221.217
15221.216
15221.215
15221.214
15221.213
15221.212
15221.211
15221.210
15221.209
15221.208
15221.207
15221.206
15221.205
15221.204
15221.203
15221.202
15221.201
15217.208
15217.207
15217.206
15217.205
15217.204
15217.203
15217.202
15217.201
15216.203
15216.202
15216.201
15215.201
15214.201
15213.204
15213.203
15213.202
15213.201
15210.206
15210.205
15210.204
15210.203
15210.202
15210.201
15208.203
15208.202
15208.201
15205.203
15205.202
15205.201
15200.214
15200.213
15200.212
15200.211
15200.210
15200.209
15200.208
15200.207
15200.206
15200.205
15200.204
15200.203
15200.202
15200.201
15199.203
15199.202
15199.201
15196.202
15196.201
15195.212
15195.211
15195.210
15195.209
15195.208
15195.207
15195.206
15195.205
15195.204
15195.203
15195.202
15195.201
15194.232
15194.231
15194.230
15194.229
15194.228
15194.227
15194.226
15194.225
15194.224
15194.223
15194.222
15194.221
15194.220
15194.219
15194.218
15194.217
15194.216
15194.215
15194.214
15194.213
15194.212
15194.211
15194.210
15194.209
15194.208
15194.207
15194.206
15194.205
15194.204
15194.203
15194.202
15194.201
15167.202
15167.201
15166.205
15166.204
15166.203
15166.202
15166.201
15163.201
15160.202
15160.201
15155.202
15155.201
15150.201
15147.205
15147.204
15147.203
15147.202
15147.201
15146.204
15146.203
15146.202
15146.201
15145.206
15145.205
15145.204
15145.203
15145.202
15145.201
15144.201
