17396.101
17396.102
17396.103
17396.104
17396.105
17396.201
17396.202
17396.203
17396.204
17396.205
17396.206
17396.301
17396.302
17396.303
17396.304
17396.305
17399.101
17399.102
17399.201
17399.202
17399.203
17399.204
17399.205
17399.206
17399.207
17399.301
17399.302
17399.303
17399.304
17399.305
17399.306
17399.307
17399.308
17400.001
17400.101
17400.201
17402.001
17402.101
17402.102
17402.103
17402.104
17402.201
17402.202
17402.203
17402.204
17402.205
17402.301
17402.302
17402.303
17402.304
17403.101
17403.102
17403.201
17403.202
17403.301
17403.302
17403.303
17405.001
17405.101
17405.102
17405.201
17405.202
17405.301
17406.101
17406.102
17406.103
17406.104
17406.105
17406.106
17406.201
17406.202
17406.203
17406.204
17406.205
17406.301
17406.302
17406.303
17406.304
17406.305
17406.306
17407.101
17407.102
17407.103
17407.104
17407.202
17407.203
17407.204
17407.205
17407.206
17407.302
17407.303
17407.304
17407.305
17408.001
17408.101
17408.102
17408.103
17408.104
17408.105
17408.201
17408.202
17408.203
17408.204
17408.205
17408.206
17408.301
17408.302
17408.303
17408.304
17408.305
17409.001
17409.101
17409.102
17409.201
17409.202
17409.203
17409.204
17409.301
17409.302
17410.101
17410.102
17410.103
17410.104
17410.105
17410.106
17410.201
17410.202
17410.203
17410.301
17410.302
17410.303
17410.304
17410.305
17410.306
17411.001
17411.002
17411.101
17411.201
17411.202
17411.301
17414.001
17414.002
17414.101
17414.102
17414.103
17414.104
17414.105
17414.201
17414.202
17414.203
17414.204
17414.205
17414.206
17414.301
17414.302
17414.303
17414.304
17414.305
17415.001
17415.002
17415.003
17415.004
17415.005
17415.006
17415.007
17415.008
17415.101
17415.102
17415.103
17415.104
17415.105
17415.201
17415.202
17415.203
17415.204
17415.205
17415.206
17415.301
17415.302
17415.303
17415.304
17415.305
17416.001
17416.002
17416.003
17416.101
17416.102
17416.103
17416.104
17416.105
17416.106
17416.201
17416.202
17416.203
17416.204
17416.205
17416.206
17416.207
17416.301
17416.302
17416.303
17416.304
17416.305
17417.001
17417.101
17417.102
17417.103
17417.104
17417.105
17417.201
17417.202
17417.203
17417.204
17417.205
17417.206
17417.207
17417.208
17417.209
17417.210
17417.211
17417.212
17417.213
17417.214
17417.215
17417.216
17417.217
17417.218
17417.301
17417.302
17417.303
17417.304
17417.305
17420.201
17420.202
17420.203
17420.204
17423.001
17423.101
17423.102
17423.103
17423.104
17423.201
17423.202
17423.203
17423.204
17423.205
17423.301
17423.302
17423.303
17423.304
17423.305
17426.001
17426.101
17426.102
17426.103
17426.104
17426.201
17426.202
17426.203
17426.204
17426.205
17426.301
17426.302
17426.303
17426.304
17426.305
17427.101
17427.102
17427.103
17427.104
17427.201
17427.202
17427.203
17427.301
17427.302
17427.303
17427.304
17427.305
17427.306
17427.307
17429.101
17429.102
17429.103
17429.104
17429.105
17429.201
17429.202
17429.203
17429.204
17429.301
17429.302
17429.303
17429.304
17430.101
17430.102
17430.103
17430.104
17430.105
17430.201
17430.202
17430.203
17430.204
17430.205
17430.206
17430.207
17430.208
17430.209
17430.210
17430.211
17430.212
17430.213
17430.214
17430.301
17430.302
17430.303
17430.304
17430.305
17431.101
17431.102
17431.103
17431.104
17431.105
17431.201
17431.202
17431.203
17431.204
17431.301
17431.302
17431.303
17431.304
17431.305
17433.001
17433.101
17433.102
17433.103
17433.104
17433.201
17433.202
17433.203
17433.204
17433.205
17433.206
17433.207
17433.208
17433.301
17433.302
17433.303
17433.304
17434.101
17434.102
17434.103
17434.104
17434.105
17434.201
17434.202
17434.203
17434.204
17434.205
17434.206
17434.207
17434.208
17434.209
17434.210
17434.211
17434.212
17434.213
17434.214
17434.301
17434.302
17434.303
17434.304
17434.305
17434.306
17436.001
17436.101
17436.102
17436.103
17436.104
17436.201
17436.202
17436.203
17436.204
17436.205
17438.101
17438.102
17438.103
17438.104
17438.105
17438.106
17438.107
17438.201
17438.301
17438.302
17438.303
17438.304
17439.101
17439.102
17439.201
17439.301
17439.302
17440.001
17440.101
17440.102
17440.103
17440.104
17440.201
17440.202
17440.203
17440.204
17440.205
17440.206
17440.207
17440.208
17440.209
17440.301
17440.302
17440.303
17440.304
17441.101
17441.301
17443.101
17443.102
17443.103
17443.104
17443.105
17443.106
17443.201
17443.202
17443.203
17443.204
17443.205
17443.301
17443.302
17443.303
17443.304
17443.305
17443.306
17443.307
17445.001
17445.002
17445.003
17445.004
17445.005
17445.006
17445.007
17445.008
17445.009
17445.010
17445.011
17445.012
17445.013
17445.014
17445.015
17445.016
17445.017
17445.018
17445.101
17445.102
17445.103
17445.104
17445.105
17445.106
17445.107
17445.108
17445.109
17445.110
17445.111
17445.112
17445.113
17445.114
17445.115
17445.116
17445.117
17445.118
17445.119
17445.201
17445.202
17445.203
17445.204
17445.205
17445.206
17445.207
17445.208
17445.209
17445.210
17445.211
17445.212
17445.213
17445.214
17445.215
17445.216
17445.217
17445.218
17445.219
17445.220
17445.221
17445.222
17445.223
17445.224
17445.225
17445.301
17445.302
17445.303
17445.304
17445.305
17445.306
17445.307
17445.308
17445.309
17445.310
17445.311
17445.312
17445.313
17445.314
17445.315
17445.316
17445.317
17445.318
17445.319
17445.320
17445.321
17447.001
17447.101
17447.102
17447.103
17447.104
17447.201
17447.202
17447.203
17447.204
17447.205
17447.301
17447.302
17447.303
17447.304
17450.101
17450.301
17451.001
17451.002
17451.003
17451.004
17451.101
17451.102
17451.103
17451.104
17451.105
17451.201
17451.202
17451.203
17451.204
17451.301
17451.302
17451.304
17451.305
17451.306
17451.307
17452.001
17452.002
17452.003
17452.004
17452.005
17452.101
17452.102
17452.103
17452.104
17452.201
17452.202
17452.203
17452.204
17452.205
17452.206
17452.207
17452.301
17453.001
17453.002
17453.101
17453.102
17453.103
17453.201
17453.202
17453.301
17453.302
17453.303
17454.001
17454.002
17454.003
17454.101
17454.102
17454.103
17454.104
17454.105
17454.106
17454.107
17454.201
17454.202
17454.203
17454.301
17454.302
17454.303
17454.304
17454.305
17454.306
17454.307
17455.001
17455.002
17455.003
17455.004
17455.005
17455.101
17455.102
17455.103
17455.104
17455.201
17455.202
17455.203
17455.204
17455.205
17455.301
17455.302
17455.303
17455.304
17455.305
17457.101
17457.301
17459.101
17459.301
17460.101
17460.301
17461.001
17461.101
17461.102
17461.201
17461.301
17461.302
17466.001
17466.002
17466.003
17466.004
17466.005
17466.101
17466.102
17466.103
17466.104
17466.105
17466.106
17466.201
17466.202
17466.203
17466.204
17466.205
17466.301
17466.302
17466.303
17466.304
17467.001
17467.002
17467.003
17467.004
17467.005
17467.006
17467.101
17467.102
17467.103
17467.105
17467.106
17467.107
17467.201
17467.202
17467.203
17467.204
17467.205
17467.301
17467.302
17467.303
17467.304
17467.305
17468.101
17468.301
17469.101
17469.301
17470.001
17470.002
17470.101
17470.102
17470.103
17470.201
17470.202
17470.301
17470.302
17470.303
17472.001
17472.002
17472.003
17472.101
17472.102
17472.201
17472.202
17472.203
17472.301
17472.302
17473.001
17473.002
17473.003
17473.004
17473.101
17473.102
17473.103
17473.104
17473.105
17473.106
17473.201
17473.202
17473.203
17473.204
17473.301
17473.302
17473.303
17473.304
17473.305
17473.306
17474.001
17474.002
17474.003
17474.004
17474.005
17474.101
17474.102
17474.103
17474.104
17474.201
17474.202
17474.203
17474.204
17474.205
17474.301
17474.302
17474.303
17474.304
17478.001
17478.002
17478.101
17478.102
17478.201
17478.301
17479.001
17479.002
17479.003
17479.101
17479.102
17479.103
17479.104
17479.201
17479.202
17479.203
17479.204
17479.301
17479.302
17479.303
17479.304
17479.305
17479.306
17481.001
17481.002
17481.101
17481.102
17481.301
17481.302
17482.001
17482.002
17482.003
17482.101
17482.102
17482.201
17482.202
17482.203
17482.301
17482.302
17483.001
17483.002
17483.102
17483.201
17483.202
17483.301
17483.302
17484.001
17484.002
17484.003
17484.004
17484.101
17484.102
17484.103
17484.201
17484.202
17484.203
17484.204
17484.301
17484.302
17484.303
17485.001
17485.002
17485.003
17485.004
17485.101
17485.102
17485.103
17485.104
17485.105
17485.201
17485.202
17485.203
17485.204
17485.301
17485.302
17485.303
17485.304
17485.305
17486.001
17486.002
17486.003
17486.004
17486.101
17486.102
17486.103
17486.104
17486.105
17486.201
17486.202
17486.203
17486.204
17486.301
17486.302
17486.303
17486.304
17486.305
17488.001
17488.002
17488.101
17488.102
17488.103
17488.201
17488.202
17488.301
17488.302
17488.303
17489.001
17489.201
17491.001
17491.002
17491.003
17491.004
17491.101
17491.102
17491.103
17491.201
17491.202
17491.203
17491.204
17491.301
17491.302
17491.303
17492.001
17492.101
17492.102
17492.201
17492.202
17492.301
17492.302
17494.001
17494.002
17494.003
17494.004
17494.005
17494.006
17494.101
17494.102
17494.103
17494.104
17494.105
17494.201
17494.202
17494.203
17494.204
17494.205
17494.206
17494.301
17494.302
17494.303
17494.304
17494.305
17495.001
17495.002
17495.003
17495.004
17495.101
17495.102
17495.103
17495.104
17495.105
17495.201
17495.202
17495.301
17495.302
17495.303
17495.304
17495.305
17495.306
17496.001
17496.002
17496.003
17496.004
17496.005
17496.006
17496.007
17496.008
17496.009
17496.010
17496.101
17496.102
17496.103
17496.104
17496.105
17496.106
17496.107
17496.108
17496.109
17496.110
17496.111
17496.112
17496.201
17496.202
17496.203
17496.204
17496.205
17496.206
17496.207
17496.208
17496.209
17496.210
17496.211
17496.212
17496.301
17496.302
17496.303
17496.304
17496.305
17496.306
17496.307
17496.308
17496.309
17496.310
17496.311
17496.312
17496.313
17496.314
17496.315
17497.001
17497.201
17497.202
17497.203
17499.001
17499.002
17499.003
17499.004
17499.005
17499.101
17499.102
17499.103
17499.104
17499.201
17499.202
17499.203
17499.204
17499.205
17499.206
17499.301
17499.302
17499.303
17499.304
17499.305
17500.001
17500.002
17500.003
17500.101
17500.102
17500.201
17500.202
17500.203
17500.301
17500.302
17500.303
17500.304
17500.305
17500.306
17502.001
17502.002
17502.003
17502.101
17502.102
17502.103
17502.104
17502.201
17502.202
17502.203
17502.301
17502.302
17503.001
17503.002
17503.201
17503.202
17503.301
17503.302
17503.303
17508.001
17508.201
17512.001
17512.002
17512.003
17512.201
17512.202
17512.203
17512.301
17512.302
17513.001
17513.002
17513.003
17513.201
17513.202
17513.203
17513.301
17513.302
17513.303
17513.304
17514.001
17514.002
17514.003
17514.004
17514.005
17514.201
17514.202
17514.203
17514.204
17514.205
17514.301
17514.302
17514.303
17514.305
17515.001
17515.002
17515.201
17515.202
17515.301
17515.302
17515.303
17517.001
17517.002
17517.003
17517.004
17517.005
17517.201
17517.202
17517.203
17517.204
17517.205
17517.301
17517.302
17517.303
17517.304
17518.001
17518.002
17518.003
17518.004
17518.201
17518.202
17518.203
17518.301
17518.302
17518.303
17518.304
17518.305
17519.001
17519.002
17519.003
17519.004
17519.005
17519.201
17519.202
17519.203
17519.204
17519.205
17519.301
17519.302
17519.303
17519.304
17520.001
17520.002
17520.003
17520.004
17520.201
17520.202
17520.203
17520.204
17520.301
17520.302
17520.303
17520.304
17520.305
17520.306
17521.001
17521.002
17521.003
17521.201
17521.202
17521.203
17521.301
17521.302
17524.001
17524.002
17524.201
17524.202
17524.301
17524.302
17524.303
17526.001
17526.002
17526.003
17526.004
17526.005
17526.201
17526.202
17526.203
17526.204
17526.205
17526.301
17526.302
17526.303
17526.304
17526.305
17526.306
17527.001
17527.002
17527.003
17527.004
17527.201
17527.202
17527.203
17527.301
17527.302
17527.304
17527.305
17529.001
17529.002
17529.003
17529.004
17529.005
17529.006
17529.007
17529.008
17529.009
17529.201
17529.202
17529.203
17529.204
17529.205
17529.301
17529.302
17529.303
17529.304
17529.305
17530.001
17530.002
17530.003
17530.201
17530.202
17530.203
17530.301
17530.302
17530.303
17530.304
17533.001
17533.002
17533.003
17533.004
17533.005
17533.201
17533.202
17533.203
17533.204
17533.301
17533.302
17533.303
17534.001
17534.002
17534.003
17534.004
17534.201
17534.202
17534.203
17534.204
17534.301
17534.302
17534.303
17534.304
17534.305
17536.001
17536.002
17536.101
17536.201
17536.202
17536.203
17536.301
17538.001
17538.002
17538.003
17538.004
17538.101
17538.102
17538.103
17538.104
17538.105
17538.106
17538.201
17538.202
17538.203
17538.204
17538.301
17538.302
17538.303
17539.101
17539.301
17543.001
17543.002
17543.003
17543.004
17543.005
17543.101
17543.201
17543.202
17543.203
17543.204
17543.301
17543.302
17544.001
17544.002
17544.003
17544.004
17544.005
17544.101
17544.102
17544.103
17544.104
17544.201
17544.202
17544.203
17544.204
17544.205
17544.301
17544.302
17544.303
17544.304
17545.001
17545.002
17545.003
17545.101
17545.102
17545.103
17545.104
17545.105
17545.106
17545.107
17545.108
17545.201
17545.301
17545.302
17545.303
17545.304
17545.305
17545.306
17548.001
17548.002
17548.003
17548.101
17548.102
17548.201
17548.202
17548.203
17548.301
17548.302
17550.001
17550.002
17550.003
17550.004
17550.101
17550.102
17550.103
17550.201
17550.202
17550.203
17550.204
17550.301
17550.302
17550.303
17551.101
17551.301
17553.001
17553.002
17553.003
17553.004
17553.101
17553.102
17553.103
17553.104
17553.105
17553.201
17553.202
17553.203
17553.204
17553.301
17553.302
17553.303
17553.304
17553.305
17554.001
17554.002
17554.003
17554.004
17554.005
17554.101
17554.102
17554.103
17554.104
17554.201
17554.202
17554.203
17554.204
17554.205
17554.301
17554.302
17554.303
17554.304
17555.001
17555.002
17555.003
17555.004
17555.005
17555.101
17555.102
17555.103
17555.104
17555.105
17555.201
17555.202
17555.203
17555.204
17555.301
17555.302
17555.303
17555.304
17555.305
17556.001
17556.002
17556.003
17556.004
17556.005
17556.101
17556.102
17556.103
17556.104
17556.201
17556.202
17556.203
17556.204
17556.205
17556.301
17556.302
17556.303
17556.304
17558.001
17558.002
17558.003
17558.004
17558.005
17558.006
17558.007
17558.008
17558.009
17558.101
17558.102
17558.103
17558.104
17558.105
17558.201
17558.202
17558.203
17558.204
17558.205
17558.206
17558.207
17558.208
17558.209
17558.301
17558.302
17558.303
17558.304
17558.305
17560.001
17560.002
17560.003
17560.004
17560.005
17560.006
17560.101
17560.102
17560.103
17560.104
17560.105
17560.201
17560.202
17560.203
17560.204
17560.205
17560.206
17560.301
17560.302
17560.303
17560.304
17560.305
17560.306
17561.001
17561.002
17561.003
17561.004
17561.101
17561.102
17561.103
17561.104
17561.105
17561.106
17561.201
17561.202
17561.203
17561.204
17561.301
17561.302
17562.001
17562.002
17562.101
17562.102
17562.201
17562.202
17562.203
17562.204
17562.205
17562.301
17562.302
17562.303
17562.304
17562.305
17563.001
17563.002
17563.003
17563.004
17563.005
17563.006
17563.007
17563.008
17563.009
17564.001
17564.002
17564.003
17564.004
17566.001
17566.201
17566.301
17566.302
17566.303
17568.201
17568.202
17568.203
17568.204
17568.301
17568.302
17568.303
17568.304
17568.305
17568.306
17570.201
17570.202
17570.203
17570.204
17570.205
17570.301
17570.302
17570.303
17570.304
17570.305
17571.201
17571.202
17571.203
17571.204
17571.301
17571.302
17571.303
17571.304
17572.201
17572.202
17572.203
17572.204
17572.205
17572.301
17572.302
17572.303
17572.304
17572.305
17573.201
17573.202
17573.203
17573.301
17573.302
17573.303
17573.304
17573.305
17574.201
17576.201
17576.202
17576.203
17576.204
17576.205
17576.301
17576.302
17576.303
17576.304
17577.301
17579.201
17579.202
17579.203
17579.204
17579.301
17579.302
17579.303
17579.304
17579.305
17580.201
17580.202
17580.203
17580.204
17580.205
17580.304
17580.305
17580.306
17581.201
17581.202
17581.203
17581.204
17581.301
17581.302
17581.303
17581.304
17581.305
17581.306
17583.101
17583.102
17583.103
17583.104
17583.105
17583.106
17583.107
17583.108
17583.109
17583.110
17583.111
17583.112
17583.201
17583.202
17583.203
17583.204
17583.205
17583.301
17583.302
17583.303
17583.304
17583.305
17586.101
17586.102
17586.103
17586.104
17586.105
17586.106
17586.201
17586.202
17586.203
17586.204
17586.205
17586.206
17586.207
17587.101
17587.102
17587.201
17587.202
17589.101
17589.102
17589.201
17589.202
17592.101
17592.102
17592.103
17592.104
17592.105
17592.106
17592.107
17592.108
17592.109
17592.110
17592.111
17592.112
17592.113
17592.114
17592.301
17592.302
17592.303
17592.304
17592.305
17592.306
17592.307
17592.308
17592.309
17592.310
17592.311
17592.312
17593.001
17593.002
17593.003
17593.101
17593.102
17593.103
17593.104
17593.105
17593.201
17593.202
17593.203
17593.204
17593.205
17593.206
17593.301
17594.001
17594.002
17594.003
17594.201
17594.202
17594.301
17594.302
17594.303
17596.001
17596.002
17596.003
17596.201
17596.202
17596.301
17596.302
17596.303
17596.304
17597.001
17597.002
17597.003
17597.004
17597.005
17597.006
17597.007
17597.008
17597.009
17597.010
17597.011
17597.012
17597.101
17597.201
17597.202
17597.203
17597.204
17597.205
17597.301
17597.302
17597.303
17597.304
17597.305
17597.306
17597.307
17598.001
17598.002
17598.003
17598.004
17598.005
17598.006
17598.007
17598.201
17599.001
17599.002
17599.003
17599.004
17599.005
17599.006
17599.007
17599.008
17599.009
17599.010
17599.011
17599.201
17600.001
17600.002
17600.003
17600.004
17600.005
17600.006
17600.007
17600.008
17600.010
17600.011
17600.012
17600.013
17600.201
17600.202
17600.203
17600.204
17600.205
17600.206
17600.207
17600.208
17600.210
17600.211
17600.212
17600.213
17600.301
17600.302
17600.303
17600.304
17600.305
17600.306
17600.307
17600.308
17600.310
17600.311
17600.312
17600.313
17601.001
17601.002
17601.003
17601.004
17601.005
17601.006
17601.201
17601.202
17601.203
17601.204
17601.205
17601.206
17601.207
17601.208
17601.209
17601.211
17601.212
17601.301
17601.302
17601.303
17601.304
17601.305
17601.306
17601.307
17601.308
17601.310
