19002.001
19002.002
19002.003
19002.004
19002.005
19002.006
19002.007
19002.008
19002.009
19002.010
19002.011
19002.012
19002.201
19002.202
19002.203
19002.204
19002.205
19002.206
19002.207
19002.208
19002.209
19002.210
19002.211
19002.212
19002.213
19002.214
19002.215
19003.001
19003.002
19003.003
19003.004
19003.005
19003.006
19003.007
19003.008
19003.201
19003.202
19003.203
19003.204
19003.205
19003.206
19009.001
19011.001
19011.201
19012.001
19012.201
19015.001
19015.002
19020.001
19020.201
19022.001
19022.002
19022.201
19022.202
19023.001
19023.201
19024.001
19024.002
19024.003
19024.004
19024.201
19024.202
19024.203
19024.204
19025.001
19025.201
19026.001
19026.002
19026.201
19026.202
19027.001
19027.201
19028.001
19028.002
19028.003
19028.004
19028.201
19028.202
19028.203
19028.204
19029.001
19029.002
19029.003
19029.004
19029.201
19029.202
19029.203
19029.204
19030.001
19030.201
19032.001
19032.002
19032.003
19032.004
19032.201
19032.202
19032.203
19032.204
19033.001
19033.002
19033.003
19033.004
19033.201
19033.202
19033.203
19033.204
19035.001
19035.002
19035.003
19035.004
19035.201
19035.202
19035.203
19035.204
19036.001
19036.201
19037.001
19037.004
19037.005
19037.006
19037.202
19037.203
19038.001
19038.002
19038.202
19038.205
19039.005
19039.007
19039.201
19039.203
19040.001
19040.002
19040.003
19040.004
19040.201
19040.202
19040.203
19040.204
19041.001
19041.002
19041.003
19041.202
19041.203
19041.204
19042.001
19042.002
19042.003
19042.201
19042.202
19042.203
19043.001
19043.002
19043.003
19043.004
19043.201
19043.202
19043.203
19043.204
19046.001
19046.201
19049.001
19049.002
19049.003
19049.004
19049.201
19049.202
19049.203
19049.204
19050.001
19050.002
19050.201
19050.202
19052.001
19052.002
19052.003
19052.004
19052.201
19052.202
19052.203
19052.204
19053.001
19053.002
19053.003
19053.201
19053.202
19053.203
19055.001
19055.002
19055.003
19055.202
19055.203
19055.204
19057.001
19057.002
19057.003
19057.004
19057.201
19057.202
19057.203
19057.204
19059.001
19059.002
19059.003
19059.004
19059.201
19059.202
19059.203
19059.204
19060.001
19060.002
19060.003
19060.004
19060.201
19060.202
19060.203
19060.204
19065.001
19065.002
19065.003
19065.004
19065.201
19065.202
19066.001
19066.002
19066.003
19066.004
19066.005
19066.201
19066.202
19066.203
19066.204
19068.001
19068.002
19068.003
19068.004
19068.005
19068.201
19068.202
19068.203
19068.204
19069.001
19069.002
19069.003
19069.004
19069.201
19069.202
19069.203
19070.001
19070.002
19070.003
19070.004
19070.201
19070.202
19070.203
19070.204
19071.001
19071.002
19071.003
19071.004
19071.005
19071.202
19071.203
19071.204
19071.205
19072.001
19072.002
19072.003
19072.004
19072.005
19072.201
19072.202
19072.203
19072.204
19073.001
19073.002
19073.003
19073.004
19073.005
19073.201
19073.202
19073.203
19073.204
19074.001
19074.002
19074.003
19074.004
19074.005
19074.201
19074.202
19074.203
19074.204
19075.001
19075.002
19075.003
19075.004
19075.005
19075.201
19075.202
19075.203
19075.204
19076.001
19076.002
19077.001
19077.002
19077.003
19077.004
19077.005
19077.201
19077.202
19077.203
19077.204
19078.001
19078.002
19078.003
19078.004
19078.005
19078.201
19078.202
19078.203
19078.204
19079.001
19079.002
19079.003
19079.004
19079.005
19079.006
19079.202
19079.203
19079.204
19079.205
19079.206
19081.001
19081.002
19081.003
19081.004
19081.005
19081.201
19081.202
19081.203
19081.204
19085.001
19085.002
19085.003
19085.004
19085.005
19085.202
19085.203
19085.204
19085.205
19086.001
19086.002
19086.003
19086.201
19086.202
19086.203
19090.001
19090.002
19090.003
19090.004
19090.005
19090.006
19090.201
19090.202
19090.203
19090.204
19090.205
19090.206
19091.001
19091.002
19091.003
19091.004
19091.005
19091.201
19091.202
19091.203
19092.001
19092.002
19092.003
19092.004
19092.005
19092.201
19092.202
19092.203
19092.204
19093.001
19093.002
19093.003
19093.004
19093.201
19093.202
19093.203
19094.001
19094.002
19094.003
19094.004
19094.005
19094.006
19094.007
19094.201
19094.202
19094.203
19094.204
19095.001
19095.002
19095.003
19095.004
19095.005
19095.201
19095.202
19095.203
19095.204
19096.001
19096.002
19096.003
19096.004
19096.005
19096.201
19096.202
19096.203
19096.204
19097.001
19097.002
19097.003
19097.004
19097.005
19097.201
19097.202
19097.203
19097.204
19098.001
19098.002
19098.201
19099.001
19099.002
19099.003
19099.004
19099.005
19099.201
19099.202
19099.203
19099.204
19100.001
19100.002
19100.003
19100.004
19100.201
19100.202
19100.203
19101.001
19101.002
19101.003
19101.004
19101.005
19101.201
19101.202
19101.203
19101.204
19102.001
19102.002
19102.003
19102.004
19102.201
19102.202
19102.203
19102.204
19103.001
19103.002
19103.201
19106.001
19106.002
19106.201
19107.001
19107.002
19107.201
19108.001
19108.002
19108.201
19109.001
19109.002
19109.003
19109.004
19109.202
19109.203
19109.204
19110.001
19110.002
19110.003
19110.201
19110.202
19110.203
19113.001
19113.002
19113.003
19113.004
19113.005
19113.201
19113.202
19113.203
19113.204
19114.001
19114.002
19114.003
19114.004
19114.005
19114.201
19114.202
19114.203
19114.204
19120.001
19120.002
19120.003
19120.004
19120.201
19120.202
19120.203
19122.001
19122.002
19122.003
19122.201
19122.202
19125.001
19125.002
19125.003
19125.004
19125.201
19125.202
19125.203
19125.204
19126.001
19126.002
19126.003
19126.004
19126.005
19126.201
19126.202
19126.203
19126.204
19128.001
19128.002
19128.003
19128.004
19128.005
19128.201
19128.202
19128.203
19128.204
19129.001
19129.002
19129.003
19129.201
19129.202
19131.001
19131.002
19131.003
19131.004
19131.005
19131.201
19131.202
19131.203
19131.204
19132.001
19132.002
19132.003
19132.004
19132.005
19132.201
19132.202
19132.203
19132.204
19134.001
19134.002
19134.202
19136.001
19136.002
19136.003
19136.004
19136.005
19136.202
19136.203
19136.204
19136.205
19138.001
19138.002
19138.003
19138.004
19138.202
19138.203
19138.204
19138.205
19139.001
19139.002
19139.003
19139.201
19139.202
19143.001
19143.002
19143.003
19143.004
19143.005
19143.201
19143.202
19143.203
19143.204
19145.001
19147.001
19147.002
19147.003
19147.201
19147.202
19148.001
19148.002
19148.003
19148.004
19148.005
19148.006
19148.007
19148.008
19148.009
19148.010
19148.011
19148.012
19148.013
19148.014
19148.015
19148.016
19148.017
19148.018
19148.019
19148.020
19148.021
19148.022
19148.023
19148.024
19151.001
19151.002
19151.003
19151.004
19151.005
19151.201
19151.202
19151.203
19151.204
19155.001
19155.002
19155.003
19155.004
19155.201
19155.202
19155.203
19155.204
19156.001
19158.001
19158.002
19158.003
19158.004
19158.005
19158.201
19158.202
19158.203
19158.204
19159.001
19159.002
19159.003
19159.004
19159.005
19159.006
19159.201
19159.202
19159.203
19159.204
19159.205
19159.206
19160.001
19160.002
19160.003
19160.004
19160.005
19160.006
19160.201
19160.202
19160.203
19160.204
19161.001
19161.002
19161.003
19161.004
19161.005
19161.201
19161.202
19161.203
19161.204
19162.001
19162.002
19162.003
19162.004
19162.005
19162.201
19162.202
19162.203
19162.204
19163.001
19163.002
19163.003
19163.202
19163.203
19163.205
19164.001
19164.002
19164.003
19164.004
19164.005
19164.201
19164.202
19164.203
19164.204
19165.001
19165.002
19165.003
19165.201
19165.202
19167.001
19167.002
19167.003
19167.004
19167.005
19167.201
19167.202
19167.203
19167.204
19169.001
19169.002
19169.003
19169.004
19169.202
19169.203
19169.204
