15316.006
15322.302
15336.303
15338.102
15338.104
15338.108
15342.103
15343.001
15343.002
15343.004
15343.007
15343.201
15349.101
15350.101
15353.101
15353.102
15353.103
15354.101
15356.101
15356.102
15356.103
15359.101
15359.102
15364.205
15366.203
15366.204
15366.205
15368.008
15370.201
15370.202
15371.202
15371.204
15371.205
15372.204
15372.205
15372.302
15373.301
15373.302
15373.303
15373.304
15373.305
15376.204
15378.103
15378.104
15378.105
15378.106
15378.302
15378.303
15382.201
15382.302
15399.203
15005.001
15005.101
15005.201
15005.202
15005.301
15005.302
15006.001
15006.002
15006.003
15006.101
15006.102
15006.103
15006.201
15006.202
15006.203
15006.204
15006.205
15006.301
15006.302
15006.303
15006.304
15006.305
15007.001
15007.002
15007.101
15007.102
15007.103
15007.104
15007.105
15007.201
15007.202
15007.301
15007.302
15007.305
15007.306
15029.001
15051.002
15063.002
15081.303
15081.304
15084.305
15085.301
15096.007
15110.301
15110.303
15111.003
15111.006
15111.007
15111.009
15128.003
15141.009
15144.101
15144.201
15145.103
15145.201
15145.202
15145.203
15145.204
15145.205
15145.206
15146.104
15146.201
15146.202
15146.204
15147.201
15150.201
15154.010
15154.309
15155.001
15155.101
15155.103
15155.104
15155.201
15155.202
15160.102
15160.106
15160.201
15160.202
15163.201
15166.101
15166.102
15166.103
15166.104
15166.105
15166.106
15166.107
15166.108
15166.109
15166.110
15167.102
15170.002
15193.101
15195.201
15195.202
15195.203
15195.204
15195.205
15195.206
15195.207
15195.208
15195.209
15195.210
15195.211
15195.212
15196.101
15196.201
15196.202
15197.102
15197.103
15197.104
15197.108
15197.109
15197.110
15197.111
15197.112
15197.113
15197.124
15197.135
15197.137
15197.145
15197.146
15197.147
15197.148
15197.149
15199.201
15199.202
15199.203
15200.201
15200.202
15200.203
15200.204
15200.207
15200.210
15200.211
15200.212
15200.213
15200.214
15205.201
15205.202
15205.203
15208.201
15208.202
15208.203
15211.301
15221.201
15221.202
15221.315
15240.001
15244.103
15247.001
15257.311
15260.301
15261.301
15275.101
15276.205
15299.002
15299.005
15299.102
15404.001
15404.101
15412.001
15412.002
15412.101
15412.102
15412.103
15419.301
15419.304
15423.301
15423.302
15423.304
15424.101
15426.006
15436.004
15436.205
15436.206
15441.301
15443.301
15443.303
15449.201
15453.001
15453.201
15453.301
15465.201
15465.202
15465.203
15465.204
15465.205
15466.201
15466.202
15466.203
15466.204
15466.205
15467.008
15472.201
15472.202
15472.203
15472.204
15472.205
15472.206
15473.201
15473.202
15473.203
15473.204
15473.205
15473.206
15473.207
15473.209
15473.304
15474.101
15474.102
14900.001
14900.301
14900.303
14906.001
14911.301
14924.001
14924.003
14924.201
14924.202
14924.302
14926.301
14927.201
14927.301
14927.302
14930.203
14930.311
14930.321
14930.322
14930.323
14930.324
14930.326
14930.327
14934.102
14934.205
14934.206
14934.208
14934.209
14934.210
14934.214
14934.301
14934.302
14934.303
14934.304
14934.305
14934.313
14934.319
14934.320
14946.003
14946.302
14946.303
14964.303
14972.102
