17250.001
17250.002
17250.003
17250.004
17250.005
17250.101
17250.102
17250.103
17250.104
17250.105
17250.301
17250.302
17250.303
17250.304
17252.001
17252.101
17253.001
17253.002
17253.003
17253.004
17253.101
17253.102
17253.103
17253.104
17254.001
17254.201
17254.202
17254.203
17254.204
17254.205
17255.001
17255.002
17255.101
17256.001
17256.002
17256.003
17256.101
17256.102
17256.103
17260.001
17260.201
17260.202
17260.203
17260.301
17261.001
17261.002
17261.101
17261.201
17261.202
17261.203
17261.301
17261.302
17261.303
17263.001
17263.002
17263.003
17263.004
17263.101
17263.102
17263.103
17263.201
17263.202
17263.203
17263.204
17263.205
17263.301
17263.302
17263.303
17263.304
17263.305
17265.001
17265.002
17265.003
17265.004
17265.005
17265.006
17265.007
17265.101
17265.102
17265.103
17265.104
17265.105
17265.106
17265.107
17265.201
17265.202
17265.203
17265.204
17265.205
17265.206
17265.301
17265.302
17265.303
17265.304
17265.305
17265.306
17266.001
17266.002
17266.003
17266.004
17266.005
17266.006
17266.007
17266.008
17266.101
17266.102
17266.103
17266.104
17266.105
17266.106
17266.201
17266.202
17266.203
17266.204
17266.205
17266.206
17266.301
17266.302
17266.303
17266.304
17266.305
17266.306
17266.307
17266.308
17267.001
17267.002
17267.003
17267.004
17267.005
17267.006
17267.007
17267.101
17267.102
17267.103
17267.104
17267.105
17267.106
17267.201
17267.202
17267.203
17267.204
17267.205
17267.206
17267.301
17267.302
17267.303
17267.304
17267.305
17267.306
17267.307
17267.308
17268.001
17268.002
17268.003
17268.004
17268.005
17268.006
17268.101
17268.102
17268.103
17268.104
17268.105
17268.201
17268.202
17268.203
17268.204
17268.301
17268.302
17268.303
17269.001
17269.002
17269.003
17269.004
17269.101
17269.102
17269.103
17269.201
17269.202
17269.203
17269.204
17269.205
17269.301
17269.302
17269.303
17269.304
17269.305
17270.001
17270.002
17270.003
17270.101
17270.102
17270.201
17271.001
17271.002
17271.101
17271.102
17271.201
17272.001
17272.201
17272.202
17272.301
17272.302
17273.001
17273.002
17273.003
17273.101
17273.102
17273.201
17273.202
17273.203
17273.204
17273.301
17273.302
17273.303
17273.304
17275.001
17275.201
17275.202
17275.301
17275.302
17276.001
17276.002
17276.101
17276.201
17276.202
17276.203
17276.301
17276.302
17276.303
17277.001
17277.002
17277.101
17277.102
17277.201
17278.001
17278.002
17278.101
17278.102
17278.201
17279.001
17279.002
17279.101
17279.102
17279.201
17280.001
17280.102
17280.201
17281.001
17281.002
17281.003
17281.004
17281.005
17281.101
17281.102
17281.103
17281.104
17281.105
17281.201
17281.202
17281.203
17281.204
17281.301
17281.302
17281.303
17282.001
17282.002
17282.003
17282.004
17282.005
17282.006
17282.007
17282.101
17282.102
17282.103
17282.104
17282.105
17282.201
17282.301
17283.001
17283.002
17283.003
17283.004
17283.005
17283.101
17283.102
17283.103
17283.104
17283.105
17283.106
17283.201
17283.202
17283.301
17283.302
17284.001
17284.002
17284.003
17284.004
17284.101
17284.102
17284.103
17284.104
17284.105
17284.201
17284.202
17284.301
17284.302
17284.303
