15100.001
15100.002
15100.301
15108.001
15108.301
15108.002
15108.302
15108.303
15108.003
15108.004
15108.304
15108.305
15108.306
15108.307
15108.308
15108.309
15110.301
15110.001
15110.002
15110.302
15110.303
15111.001
15111.002
15111.003
15111.004
15111.301
15111.302
15111.005
15111.006
15111.007
15111.008
15111.009
15111.010
15111.303
15111.304
15111.011
15111.012
15111.013
15111.014
15111.015
15111.305
15111.016
15111.017
15111.018
15111.019
15111.020
15112.001
15113.301
15121.001
15121.301
15122.001
15122.002
15122.003
15122.004
15122.005
15122.006
15122.007
15122.008
15122.009
15122.010
15122.011
15122.012
15122.013
15122.014
15122.015
15122.016
15122.017
15122.018
15122.019
15122.020
15122.021
15122.022
15122.023
15122.024
15122.025
15122.026
15122.027
15122.028
15122.029
15122.030
15122.031
15122.032
15122.033
15122.034
15122.035
15122.036
15122.037
15122.038
15122.039
15122.040
15122.041
15122.042
15122.043
15122.044
15122.045
15122.046
15122.047
15122.048
15122.049
15122.050
15122.051
15122.052
15122.053
15122.054
15122.055
15122.056
15122.301
15122.057
15122.058
15122.059
15122.060
15122.061
15122.062
15122.063
15122.064
15122.065
15122.066
15122.067
15122.068
15122.069
15122.070
15122.071
15122.072
15122.073
15122.074
15122.075
15122.076
15122.302
15122.303
15122.077
15122.078
15122.079
15122.080
15122.081
15122.082
15122.083
15122.084
15122.085
15122.086
15122.304
15122.087
15122.088
15122.089
15122.090
15122.091
15122.092
15122.093
15122.094
15122.095
15122.096
15122.097
15122.098
15122.099
15122.100
15122.101
15122.102
15122.103
15123.001
15123.002
15123.003
15123.004
15123.005
15123.006
15123.007
15123.008
15123.009
15123.010
15123.011
15123.012
15123.013
15123.014
15123.015
15123.016
15123.017
15123.018
15123.019
15126.001
15126.002
15126.301
15126.003
15126.302
15126.004
15126.303
15128.001
15128.002
15128.003
15128.004
15128.005
15128.301
15128.302
15128.006
15128.007
15128.008
15128.009
15128.010
15128.011
15128.303
15128.012
15128.013
15130.001
15130.301
15131.001
15131.301
15132.001
15132.301
15132.002
15132.302
15134.001
15134.301
15135.001
15135.301
15138.001
15138.002
15138.003
15138.004
15139.001
15139.002
15139.003
15139.004
15139.005
15140.001
15140.002
15140.003
15140.004
15141.001
15141.002
15141.003
15141.004
15141.005
15141.006
15141.007
15141.008
15141.009
15141.010
15141.011
15142.001
15142.002
15142.003
15143.001
15143.002
15143.301
15143.302
15144.001
15144.201
15144.301
15144.101
15145.001
15145.201
15145.002
15145.202
15145.301
15145.302
15145.203
15145.003
15145.101
15145.204
15145.004
15145.205
15145.005
15145.206
15145.006
15145.007
15145.102
15145.103
15145.207
15145.303
15146.001
15146.201
15146.002
15146.101
15146.003
15146.102
15146.103
15146.004
15146.104
15146.202
15146.301
15146.203
15146.005
15146.204
15147.001
15147.201
15147.002
15147.202
15147.003
15147.301
15147.203
15147.302
15147.004
15147.204
15147.101
15147.005
15147.205
15148.001
15148.301
15149.001
15150.001
15150.301
15150.002
15150.302
15150.003
15150.303
15150.004
15150.201
15150.304
15150.005
15150.305
15150.006
15152.001
15152.002
15152.003
15152.004
15152.005
15152.006
15152.007
15154.001
15154.301
15154.002
15154.302
15154.003
15154.303
15154.004
15154.304
15154.005
15154.305
15154.006
15154.306
15154.307
15154.308
15154.007
15154.008
15154.309
15154.009
15154.010
15155.001
15155.002
15155.003
15155.004
15155.005
15155.301
15155.006
15155.007
15155.101
15155.201
15155.302
15155.008
15155.102
15155.303
15155.202
15155.009
15155.103
15155.304
15155.010
15155.104
15155.305
15158.001
15158.101
15158.301
15158.102
15158.002
15158.103
15158.302
15160.001
15160.101
15160.301
15160.002
15160.102
15160.302
15160.003
15160.103
15160.303
15160.004
15160.104
15160.304
15160.201
15160.105
15160.005
15160.202
15160.305
15160.006
15160.106
15160.203
15160.306
15162.001
15162.301
15163.301
15163.001
15163.002
15163.003
15163.302
15163.201
15165.301
15165.001
15166.301
15166.001
15166.002
15166.101
15166.102
15166.103
15166.104
15166.105
15166.106
15166.107
15166.108
15166.302
15166.201
15166.003
15166.004
15166.109
15166.202
15166.303
15166.005
15166.110
15166.304
15166.203
15166.111
15166.006
15166.305
15166.204
15166.007
15166.306
15166.112
15166.205
15167.001
15167.201
15167.101
15167.301
15167.002
15167.102
15167.302
15167.202
15170.301
15170.302
15170.001
15170.002
15170.003
15170.303
15170.304
15170.004
15170.005
15170.305
15170.006
15170.306
15170.007
15170.307
15171.001
15171.301
15171.002
15171.302
15172.001
15172.301
15172.002
15172.003
15172.302
15172.303
15172.004
15172.304
15172.005
15172.305
15172.006
15172.306
15172.007
15173.001
15173.301
15173.002
15173.302
15173.003
15173.303
15173.004
15173.304
15173.005
15173.305
15180.001
15180.301
15182.301
15182.001
15182.302
15186.001
15186.301
15189.001
15189.301
15189.302
15190.001
15190.301
15190.302
15190.002
15190.003
15190.303
15190.004
15190.304
15190.305
15190.005
15190.006
15190.306
15193.101
15194.101
15194.102
15194.103
15194.104
15194.105
15194.106
15194.107
15194.108
15194.109
15194.110
15194.111
15194.112
15194.113
15194.114
15194.115
15194.116
15194.117
15194.118
15194.119
15194.120
15194.121
15194.122
15194.123
15194.124
15194.125
15194.126
15194.127
15194.128
15194.129
15194.301
15194.201
15194.202
15194.203
15194.204
15194.205
15194.206
15194.207
15194.208
15194.209
15194.210
15194.211
15194.212
15194.213
15194.214
15194.215
15194.216
15194.217
15194.218
15194.219
15194.220
15194.001
15194.221
15194.222
15194.223
15194.224
15194.225
15194.226
15194.227
15194.228
15194.229
15194.230
15194.231
15194.232
15195.201
15195.202
15195.203
15195.204
15195.205
15195.101
15195.206
15195.207
15195.208
15195.209
15195.210
15195.211
15195.212
15195.301
15195.102
15195.103
15195.104
15195.001
15195.002
15195.105
15196.301
15196.001
15196.302
15196.303
15196.002
15196.003
15196.304
15196.004
15196.305
15196.201
15196.005
15196.202
15196.006
15196.101
15196.306
15196.307
15197.101
15197.102
15197.103
15197.104
15197.105
15197.106
15197.107
15197.108
15197.109
15197.110
15197.111
15197.112
15197.113
15197.114
15197.115
15197.116
15197.117
15197.118
15197.119
15197.120
15197.121
15197.122
15197.123
15197.124
15197.125
15197.126
15197.127
15197.128
15197.129
15197.130
15197.131
15197.132
15197.133
15197.134
15197.135
15197.136
15197.137
15197.138
15197.139
15197.140
15197.141
15197.142
15197.143
15197.144
15197.145
15197.146
15197.147
15197.148
15197.149
15197.001
15197.301
15197.150
15197.151
15199.101
15199.102
15199.103
15199.104
15199.105
15199.106
15199.001
15199.201
15199.202
15199.203
15200.001
15200.002
15200.301
15200.201
15200.202
15200.203
15200.204
15200.205
15200.206
15200.207
15200.208
15200.209
15200.210
15200.211
15200.212
15200.213
15200.214
15200.003
15200.302
15200.004
15200.303
15202.001
15202.101
15202.301
15202.302
15202.102
15202.002
15202.303
15202.103
15202.003
15202.304
15202.104
15202.004
15202.305
15202.005
15202.105
15202.306
15202.006
15202.106
15202.307
15205.201
15205.202
15205.203
15205.001
15205.301
15205.002
15205.101
15205.302
15205.303
15205.102
15205.003
15205.304
15207.001
15207.101
15207.301
15207.102
15207.002
15207.302
15207.103
15207.003
15207.303
15207.004
15207.104
15207.304
15207.005
15207.105
15207.305
15207.006
15207.106
15207.306
15207.007
15207.107
15207.307
15208.201
15208.202
15208.203
15208.001
15208.002
15208.301
15208.101
15208.003
15208.302
15208.102
15208.004
15208.303
15209.001
15209.301
15209.101
15209.002
15209.302
15210.201
15210.202
15210.001
15210.203
15210.204
15210.205
15210.206
15210.301
15210.101
15210.002
15210.102
15210.003
15210.302
15210.004
15210.103
15210.303
15210.005
15210.006
15210.104
15210.007
15210.105
15210.304
15210.305
15211.001
15211.301
15211.302
15211.002
15212.001
15212.301
15213.001
15213.301
15213.101
15213.002
15213.003
15213.102
15213.302
15213.103
15213.004
15213.201
15213.303
15213.005
15213.104
15213.202
15213.304
15213.006
15213.105
15213.203
15213.305
15213.106
15213.007
15213.306
15213.204
15213.307
15214.101
15214.301
15214.001
15214.201
15214.102
15214.302
15215.001
15215.201
15215.301
15215.101
15216.001
15216.201
15216.101
15216.301
15216.002
15216.102
15216.302
15216.202
15216.003
15216.103
15216.203
15216.303
15217.001
15217.201
15217.301
15217.101
15217.002
15217.102
15217.302
15217.202
15217.003
15217.103
15217.303
15217.203
15217.104
15217.004
15217.304
15217.204
15217.005
15217.105
15217.305
15217.205
15217.006
15217.106
15217.306
15217.206
15217.007
15217.107
15217.008
15217.108
15217.207
15217.307
15217.208
15217.308
15221.001
15221.201
15221.202
15221.203
15221.301
15221.204
15221.302
15221.205
15221.303
15221.304
15221.206
15221.305
15221.207
15221.306
15221.307
15221.208
15221.308
15221.209
15221.002
15221.101
15221.102
15221.003
15221.210
15221.211
15221.212
15221.309
15221.004
15221.103
15221.005
15221.213
15221.214
15221.310
15221.215
15221.311
15221.216
15221.006
15221.007
15221.008
15221.217
15221.009
15221.218
15221.312
15221.313
15221.010
15221.219
15221.314
15221.104
15221.220
15221.011
15221.012
15221.221
15221.222
15221.315
15221.316
15221.317
15221.105
15221.106
15221.318
15221.319
15221.320
15221.013
15221.223
15221.224
15221.014
15221.225
15221.015
15221.321
15221.107
15221.226
15221.322
15221.227
15221.228
15221.323
15221.229
15221.324
15221.230
15221.325
15221.231
15221.326
15221.327
15221.232
15221.328
15221.233
15221.329
15221.234
15221.330
15221.235
15221.331
15221.236
15221.332
15221.016
15221.108
15221.017
15221.109
15221.018
15221.110
15221.019
15221.020
15221.111
15221.021
15221.112
15221.022
15221.113
15221.023
15221.114
15221.024
15221.115
15221.025
15221.026
15221.116
15221.027
15221.117
15221.028
15221.118
15221.029
15221.119
15221.120
15221.121
15221.122
15222.001
15222.201
15222.101
15223.001
15223.201
15223.101
15223.102
15223.002
15223.301
15223.202
15223.103
15223.003
15223.302
15223.203
15223.104
15223.004
15223.204
15223.303
15228.001
15228.201
15228.202
15228.203
15228.204
15228.301
15228.302
15228.205
15228.303
15228.206
15228.002
15228.101
15230.001
15230.201
15230.101
15230.002
15230.102
15230.202
15230.301
15232.001
15232.201
15232.101
15232.002
15232.102
15232.301
15232.202
15232.103
15232.003
15233.001
15233.201
15233.101
15233.002
15233.102
15233.301
15233.202
15233.003
15233.103
15233.302
15233.203
15233.004
15233.104
15233.303
15233.204
15238.001
15238.101
15238.002
15238.102
15238.003
15239.001
15239.201
15239.101
15239.301
15239.202
15239.002
15239.102
15239.302
15239.203
15239.003
15239.103
15239.303
15239.204
15239.004
15239.104
15239.105
15239.005
15239.006
15239.106
15239.304
15239.205
15239.305
15239.206
15240.001
15240.101
15240.002
15240.201
15240.301
15242.001
15242.101
15242.301
15242.002
15244.001
15244.201
15244.301
15244.002
15244.101
15244.302
15244.202
15244.003
15244.102
15244.303
15244.203
15244.004
15244.304
15244.103
15244.204
15244.104
15244.005
15244.105
15244.305
15244.205
15244.006
15244.106
15244.306
15244.206
15244.007
15244.107
15244.008
15244.108
15244.207
15244.307
15244.308
15244.208
15245.001
15245.201
15245.101
15246.001
15246.201
15246.101
15246.301
15246.202
15246.102
15246.002
15247.001
15249.001
15249.002
15249.201
15249.202
15249.003
15249.004
15249.203
15249.101
15249.102
15249.103
15249.301
15249.302
15249.104
15249.105
15249.106
15249.107
15249.005
15249.303
15249.108
15249.204
15249.205
15249.006
15249.109
15249.007
15249.110
15249.304
15249.305
15249.206
15249.111
15249.306
15249.207
15249.008
15249.112
15249.307
15249.208
15249.009
15249.113
15249.308
15249.209
15249.010
15249.114
15251.001
15251.201
15251.101
15251.301
15251.002
15251.102
15251.302
15251.202
15251.303
15251.203
15251.003
15251.103
15251.104
15251.004
15251.304
15251.204
15251.005
15251.006
15251.105
15251.305
15251.205
15251.007
15251.106
15251.306
15251.206
15251.008
15251.107
15251.307
15251.207
15254.101
15254.301
15254.001
15254.302
15254.201
15254.002
15254.102
15254.202
15254.303
15254.003
15254.103
15254.203
15254.304
15254.004
15254.104
15254.204
15254.305
15254.105
15254.005
15254.306
15254.205
15254.006
15254.106
15255.301
15255.101
15255.001
15255.201
15255.302
15255.002
15255.102
15255.202
15255.303
15255.003
15255.103
15255.304
15255.203
15255.004
15255.104
15255.005
15255.105
15255.204
15255.305
15255.006
15255.106
15255.205
15255.306
15255.007
15255.107
15255.307
15255.206
15255.008
15255.108
15255.308
15255.207
15256.001
15256.002
15256.101
15256.003
15256.102
15256.301
15256.302
15256.103
15256.303
15256.104
15256.304
15256.105
15256.004
15256.305
15256.106
15256.005
15256.006
15256.107
15256.201
15256.306
15256.007
15256.108
15256.202
15256.307
15256.008
15256.109
15256.110
15257.301
15257.101
15257.001
15257.201
15257.302
15257.002
15257.102
15257.202
15257.303
15257.003
15257.103
15257.304
15257.203
15257.004
15257.104
15257.005
15257.105
15257.305
15257.204
15257.006
15257.106
15257.311
15260.301
15260.101
15260.001
15261.301
15261.101
15261.302
15261.001
15261.201
15261.303
15261.102
15261.002
15261.304
15261.202
15261.103
15261.003
15261.305
15261.203
15261.004
15261.104
15264.201
15264.202
15264.301
15264.203
15264.302
15264.204
15264.001
15264.101
15264.002
15264.102
15264.303
15264.205
15264.206
15264.304
15265.301
15265.101
15267.301
15267.101
15267.102
15267.103
15267.001
15268.201
15268.301
15268.101
15268.001
15269.301
15269.101
15269.001
15271.301
15271.101
15271.001
15272.301
15272.101
15272.001
15275.301
15275.101
15275.302
15275.102
15275.303
15276.201
15276.202
15276.001
15276.203
15276.204
15276.205
15276.206
15276.207
15278.101
15278.301
15278.201
15279.101
15279.301
15279.201
15279.001
15280.301
15280.101
15280.201
15280.001
15280.102
15280.002
15280.202
15280.302
15280.003
15280.103
15280.203
15280.303
15280.004
15280.104
15280.304
15280.204
15280.305
15280.205
15280.005
15280.105
15280.006
15280.106
15280.306
15280.206
15280.107
15280.007
15280.008
15280.108
15280.307
15280.207
15280.308
15280.208
15280.309
15280.209
15280.009
15280.109
15281.101
15281.301
15281.001
15283.101
15283.301
15283.001
15283.201
15283.302
15283.002
15283.102
15283.202
15283.303
15283.003
15283.103
15283.304
15283.203
15283.104
15283.004
15284.301
15284.101
15284.001
15284.201
15284.302
15284.002
15284.102
15284.202
15284.303
15284.003
15284.103
15284.004
15284.104
15284.304
15284.203
15284.005
15284.105
15284.305
15284.204
15285.101
15285.301
15285.001
15285.302
15285.201
15285.002
15285.102
15285.303
15285.202
15287.301
15287.101
15287.001
15287.302
15287.201
15287.002
15287.102
15287.303
15287.202
15287.003
15287.103
15288.301
15288.101
15288.001
15288.302
15288.201
15288.002
15288.102
15288.303
15288.202
15288.003
15288.103
15290.001
15290.201
15290.002
15290.003
15290.202
15290.004
15298.001
15298.101
15298.201
15298.301
15299.001
15299.002
15299.003
15299.201
15299.202
15299.203
15299.301
15299.004
15299.101
15299.204
15299.302
15299.102
15299.005
15299.006
15299.103
15299.303
15299.205
15299.007
15299.104
15299.304
15299.206
15299.008
15299.105
15299.009
15299.106
15299.305
15299.207
15299.010
15299.107
15299.208
15299.306
15300.001
15300.002
15300.003
15300.004
15300.101
15300.102
15300.103
15300.201
15300.202
15300.203
15300.301
15300.302
15300.303
15302.001
15302.002
15302.003
15302.101
15302.102
15302.103
15302.201
15302.202
15302.203
15302.301
15302.302
15302.303
15303.001
15303.002
15303.004
15303.101
15303.102
15303.103
15303.104
15303.201
15303.202
15303.203
15303.301
15303.302
15303.303
15311.001
15311.101
15311.102
15311.201
15311.202
15311.301
15311.302
15312.001
15312.101
15312.102
15312.201
15312.202
15312.301
15312.302
15314.001
15314.002
15314.003
15314.004
15314.005
15314.006
15314.007
15314.008
15314.101
15314.102
15314.103
15314.104
15314.105
15314.106
15314.107
15314.201
15314.202
15314.203
15314.204
15314.205
15314.206
15314.207
15314.301
15314.302
15314.303
15314.304
15314.305
15314.306
15314.307
15314.308
15314.309
15315.001
15315.002
15315.003
15315.004
15315.005
15315.101
15315.102
15315.103
15315.104
15315.105
15315.201
15315.202
15315.203
15315.204
15315.205
15315.301
15315.302
15315.303
15315.304
15315.305
15315.306
15316.001
15316.002
15316.003
15316.004
15316.005
15316.006
15316.007
15316.101
15316.102
15316.103
15316.104
15316.105
15316.201
15316.202
15316.203
15316.204
15316.301
15316.302
15316.303
15316.304
15316.305
15322.001
15322.002
15322.003
15322.004
15322.005
15322.006
15322.101
15322.102
15322.103
15322.104
15322.105
15322.106
15322.201
15322.202
15322.203
15322.204
15322.205
15322.206
15322.207
15322.208
15322.301
15322.302
15322.303
15322.304
15322.305
15322.306
15322.307
15322.308
15322.309
15323.001
15323.002
15323.101
15323.102
15323.103
15323.201
15323.202
15323.203
15323.301
15323.302
15324.001
15324.002
15324.003
15324.004
15324.005
15324.006
15324.007
15324.101
15324.102
15324.103
15324.104
15324.105
15324.106
15324.107
15324.108
15324.201
15324.202
15324.203
15324.204
15324.205
15324.206
15324.207
15324.301
15324.302
15324.303
15324.304
15324.305
15324.306
15324.307
15324.308
15324.309
15325.001
15325.002
15325.003
15325.004
15325.101
15325.102
15325.103
15325.201
15325.202
15325.203
15325.301
15325.302
15325.303
15330.001
15330.002
15330.301
15331.001
15331.002
15331.003
15331.101
15331.102
15331.103
15331.104
15331.201
15331.202
15331.203
15331.204
15331.301
15331.302
15331.303
15333.001
15333.101
15333.201
15333.301
15335.001
15335.002
15335.003
15335.004
15335.005
15335.006
15335.007
15335.008
15335.009
15335.101
15335.102
15335.103
15335.104
15335.105
15335.106
15335.107
15335.108
15335.109
15335.201
15335.202
15335.203
15335.204
15335.205
15335.206
15335.207
15335.208
15335.209
15335.210
15335.301
15335.302
15335.303
15335.304
15335.305
15335.306
15335.307
15335.308
15336.002
15336.101
15336.201
15336.302
15336.303
15337.001
15337.002
15337.003
15337.004
15337.005
15337.006
15337.101
15337.102
15337.103
15337.104
15337.105
15337.106
15337.201
15337.202
15337.203
15337.204
15337.205
15337.206
15337.207
15337.301
15337.302
15337.303
15337.304
15337.305
15337.306
15338.001
15338.002
15338.003
15338.004
15338.005
15338.101
15338.102
15338.103
15338.104
15338.105
15338.106
15338.107
15338.108
15338.201
15338.202
15338.203
15338.204
15338.205
15338.301
15338.302
15338.303
15338.304
15338.305
15342.001
15342.002
15342.003
15342.004
15342.101
15342.102
15342.103
15342.104
15342.105
15342.106
15342.107
15342.201
15342.202
15342.203
15342.204
15342.205
15342.301
15342.302
15342.303
15342.304
15343.001
15343.002
15343.003
15343.004
15343.005
15343.006
15343.007
15343.008
15343.101
15343.201
15343.202
15343.203
15343.301
15344.001
15344.101
15344.201
15344.301
15346.001
15346.101
15346.201
15346.301
15347.001
15347.101
15347.201
15347.301
15348.001
15348.002
15348.101
15348.102
15348.103
15348.201
15349.001
15349.101
15349.201
15349.301
15350.001
15350.101
15350.102
15350.201
15350.301
15352.001
15352.002
15352.101
15352.201
15352.202
15352.301
15353.001
15353.002
15353.003
15353.101
15353.102
15353.103
15353.201
15353.202
15353.203
15353.301
15353.302
15354.001
15354.002
15354.101
15354.201
15354.202
15354.301
15354.302
15356.001
15356.002
15356.003
15356.004
15356.005
15356.006
15356.007
15356.101
15356.102
15356.103
15356.201
15356.202
15356.203
15356.204
15356.205
15356.206
15356.207
15356.301
15356.302
15356.303
15356.304
15356.305
15356.306
15356.307
15357.001
15357.002
15357.003
15357.201
15357.202
15357.203
15357.301
15357.302
15357.303
15359.001
15359.002
15359.003
15359.004
15359.005
15359.101
15359.102
15359.201
15359.202
15359.203
15359.204
15359.301
15359.302
15359.303
15359.304
15363.001
15363.002
15363.003
15363.004
15363.005
15363.006
15363.007
15363.008
15363.009
15363.010
15363.011
15363.101
15363.201
15363.202
15363.203
15363.204
15363.205
15363.206
15363.207
15363.208
15363.209
15363.301
15363.302
15363.303
15363.304
15363.305
15363.306
15363.307
15363.308
15363.309
15363.310
15364.001
15364.002
15364.003
15364.004
15364.005
15364.006
15364.007
15364.008
15364.009
15364.201
15364.202
15364.203
15364.204
15364.205
15364.206
15364.301
15364.302
15364.303
15364.304
15364.305
15364.306
15365.002
15365.003
15365.004
15365.005
15365.006
15365.201
15365.202
15365.203
15365.205
15365.206
15365.301
15365.302
15365.303
15365.305
15365.306
15366.001
15366.002
15366.003
15366.004
15366.005
15366.006
15366.007
15366.008
15366.101
15366.102
15366.103
15366.104
15366.105
15366.106
15366.107
15366.108
15366.109
15366.110
15366.201
15366.202
15366.203
15366.204
15366.205
15366.206
15366.207
15366.208
15366.209
15366.210
15366.301
15366.302
15366.303
15366.304
15366.305
15366.306
15366.307
15368.002
15368.003
15368.004
15368.005
15368.006
15368.007
15368.008
15368.009
15368.010
15368.011
15368.101
15368.102
15368.103
15368.104
15368.105
15368.106
15368.107
15368.108
15368.109
15368.110
15368.111
15368.201
15368.202
15368.203
15368.205
15368.206
15368.207
15368.208
15368.301
15368.303
15368.304
15368.305
15368.306
15369.002
15369.003
15369.004
15369.005
15369.101
15369.102
15369.103
15369.104
15369.201
15369.202
15369.203
15369.204
15369.205
15369.206
15369.301
15369.302
15369.304
15369.305
15369.306
15369.307
15369.308
15370.001
15370.004
15370.006
15370.101
15370.104
15370.105
15370.106
15370.201
15370.202
15370.301
15370.302
15370.304
15370.305
15371.001
15371.202
15371.203
15371.204
15371.205
15372.013
15372.014
15372.015
15372.016
15372.017
15372.018
15372.102
15372.103
15372.104
15372.105
15372.204
15372.205
15372.301
15372.302
15373.001
15373.002
15373.003
15373.201
15373.202
15373.203
15373.301
15373.302
15373.303
15373.304
15373.305
15375.001
15375.002
15375.101
15375.102
15375.201
15375.202
15375.301
15375.302
15376.001
15376.002
15376.003
15376.004
15376.005
15376.007
15376.008
15376.009
15376.101
15376.102
15376.103
15376.104
15376.105
15376.107
15376.108
15376.109
15376.201
15376.202
15376.203
15376.204
15376.205
15376.206
15376.207
15376.208
15376.301
15376.302
15376.303
15376.304
15376.305
15376.306
15376.307
15377.001
15377.101
15377.201
15377.202
15377.203
15377.204
15377.301
15377.302
15378.001
15378.002
15378.003
15378.004
15378.005
15378.006
15378.007
15378.008
15378.009
15378.010
15378.011
15378.101
15378.102
15378.103
15378.104
15378.105
15378.106
15378.107
15378.108
15378.109
15378.201
15378.202
15378.203
15378.204
15378.205
15378.206
15378.207
15378.301
15378.302
15378.303
15378.304
15378.305
15378.306
15378.307
15379.001
15379.002
15379.201
15379.202
15379.301
15379.302
15379.303
15380.002
15380.003
15380.004
15380.006
15380.007
15380.101
15380.102
15380.103
15380.104
15380.105
15380.106
15380.107
15380.201
15380.202
15380.203
15380.204
15380.205
15380.206
15380.301
15380.302
15380.303
15380.304
15380.305
15381.001
15381.002
15381.003
15381.004
15381.101
15381.102
15381.103
15381.201
15381.302
15381.303
15382.201
15382.302
15383.002
15383.003
15383.101
15383.102
15383.201
15383.202
15383.301
15383.302
15383.303
15384.001
15384.002
15384.003
15384.101
15384.102
15384.202
15384.203
15384.204
15384.301
15384.302
15386.001
15386.002
15386.003
15386.004
15386.005
15386.006
15386.101
15386.102
15386.103
15386.104
15386.105
15386.201
15386.202
15386.203
15386.204
15386.205
15386.301
15386.302
15386.303
15386.304
15386.305
15390.001
15390.002
15390.003
15390.101
15390.102
15390.103
15390.201
15390.202
15390.203
15390.301
15390.302
15390.303
15392.001
15392.002
15392.003
15392.004
15392.005
15392.006
15392.007
15392.008
15392.101
15392.102
15392.103
15392.104
15392.105
15392.106
15392.107
15392.108
15392.201
15392.202
15392.203
15392.204
15392.205
15392.206
15392.207
15392.301
15392.302
15392.303
15392.304
15392.305
15392.306
15392.307
15393.001
15393.002
15393.003
15393.004
15393.005
15393.006
15393.007
15393.008
15393.009
15393.101
15393.102
15393.103
15393.104
15393.105
15393.106
15393.107
15393.201
15393.202
15393.203
15393.204
15393.205
15393.206
15393.207
15393.301
15393.302
15393.303
15393.304
15393.305
15393.306
15393.307
15394.001
15394.002
15394.003
15394.004
15394.101
15394.102
15394.103
15394.201
15394.202
15394.301
15394.302
15395.001
15395.101
15395.201
15395.202
15395.301
15397.001
15397.002
15397.003
15397.004
15397.005
15397.006
15397.007
15397.008
15397.009
15397.010
15397.101
15397.102
15397.103
15397.104
15397.105
15397.106
15397.107
15397.108
15397.201
15397.202
15397.203
15397.204
15397.205
15397.206
15397.207
15397.208
15397.209
15397.210
15397.301
15397.302
15397.303
15397.305
15397.306
15397.307
15397.308
15397.309
15397.310
15397.311
15399.001
15399.002
15399.003
15399.004
15399.005
15399.006
15399.007
15399.008
15399.101
15399.102
15399.103
15399.104
15399.105
15399.106
15399.107
15399.108
15399.109
15399.201
15399.202
15399.203
15399.204
15399.205
15399.206
15399.207
15399.301
15399.302
15399.303
15399.304
15399.305
15399.306
15399.307
15399.308
15402.001
15402.002
15402.201
15402.301
15402.101
15402.302
15402.202
15402.003
15402.102
15402.203
15402.303
15402.004
15402.103
15402.304
15403.001
15403.201
15403.301
15403.101
15403.302
15403.202
15403.002
15403.102
15403.303
15403.203
15403.003
15403.103
15403.304
15403.204
15403.305
15403.004
15403.205
15403.005
15403.104
15403.105
15403.006
15403.007
15403.306
15403.206
15403.008
15403.106
15403.307
15403.207
15403.009
15403.010
15403.107
15403.308
15403.208
15403.108
15404.201
15404.001
15404.202
15404.002
15404.101
15404.301
15404.102
15404.203
15404.302
15404.003
15404.103
15404.204
15404.303
15404.004
15404.104
15405.202
15405.001
15405.301
15405.101
15407.201
15407.001
15407.301
15407.101
15408.201
15408.001
15408.101
15408.301
15408.202
15408.302
15408.002
15408.102
15408.003
15408.103
15408.203
15408.303
15408.204
15408.205
15408.304
15408.004
15408.104
15408.005
15408.105
15408.206
15408.305
15408.106
15408.007
15408.107
15408.207
15408.306
15408.108
15408.008
15408.109
15408.009
15408.208
15408.307
15408.209
15408.308
15410.101
15410.001
15410.301
15410.201
15410.302
15410.303
15410.202
15410.304
15410.203
15410.305
15410.204
15410.205
15410.306
15410.307
15410.308
15410.309
15410.206
15410.310
15410.311
15410.312
15410.313
15410.314
15410.002
15410.102
15410.003
15410.103
15410.004
15410.104
15410.105
15410.005
15412.001
15412.002
15412.101
15412.301
15412.102
15412.302
15412.103
15413.002
15413.301
15413.101
15413.201
15413.003
15415.201
15415.301
15415.001
15415.101
15415.202
15415.302
15415.002
15415.102
15415.203
15415.303
15415.003
15415.103
15415.304
15416.301
15416.201
15416.001
15416.101
15416.002
15416.102
15416.202
15416.302
15416.203
15416.303
15416.003
15416.103
15416.204
15416.304
15416.004
15416.104
15416.005
15416.105
15416.205
15416.305
15417.001
15417.201
15417.101
15417.301
15417.202
15417.102
15417.203
15417.302
15417.103
15417.002
15417.204
15417.303
15417.003
15417.104
15417.004
15417.105
15417.005
15417.106
15417.205
15417.304
15417.006
15417.107
15418.001
15418.301
15418.201
15418.302
15418.101
15418.002
15418.003
15418.102
15418.202
15418.303
15418.004
15418.103
15418.104
15418.005
15418.203
15418.304
15418.105
15418.006
15418.007
15418.106
15418.204
15418.305
15419.201
15419.001
15419.101
15419.301
15419.302
15419.202
15419.002
15419.102
15419.304
15419.203
15419.003
15419.103
15419.204
15419.004
15419.104
15419.005
15419.105
15419.205
15419.106
15419.007
15419.107
15419.206
15419.108
15419.008
15419.207
15423.001
15423.002
15423.003
15423.301
15423.302
15423.004
15423.101
15423.303
15423.304
15423.102
15423.005
15423.201
15424.301
15424.302
15424.303
15424.304
15424.305
15424.101
15424.306
15424.201
15424.001
15424.307
15425.301
15425.001
15425.002
15425.201
15425.302
15425.003
15425.202
15425.303
15425.203
15425.304
15425.004
15425.204
15425.305
15425.005
15426.001
15426.201
15426.301
15426.302
15426.202
15426.303
15426.002
15426.203
15426.304
15426.003
15426.305
15426.204
15426.004
15426.306
15426.205
15426.307
15426.005
15426.006
15426.007
15426.008
15426.206
15426.308
15426.009
15426.207
15426.309
15427.001
15427.201
15427.301
15427.302
15427.202
15427.002
15427.303
15427.203
15427.003
15427.304
15427.204
15427.004
15427.205
15427.305
15427.005
15427.206
15427.306
15427.006
15427.307
15427.207
15427.308
15427.208
15427.007
15427.008
15428.001
15428.201
15429.001
15429.201
15429.202
15429.301
15430.001
15430.201
15430.301
15431.201
15431.001
15431.301
15431.202
15431.302
15431.002
15431.203
15431.303
15431.003
15435.201
15435.001
15435.301
15435.202
15435.302
15435.002
15435.203
15435.303
15435.003
15435.204
15435.304
15435.004
15436.201
15436.001
15436.301
15436.302
15436.202
15436.002
15436.303
15436.203
15436.003
15436.304
15436.204
15436.205
15436.305
15436.206
15436.004
15436.207
15436.005
15436.306
15436.208
15436.006
15436.209
15436.307
15436.007
15436.210
15436.308
15436.008
15437.201
15437.301
15437.202
15437.001
15438.201
15438.001
15438.301
15438.302
15438.202
15438.002
15438.303
15438.203
15438.003
15441.001
15441.202
15441.002
15441.301
15441.203
15441.003
15442.201
15442.001
15442.301
15442.202
15442.302
15442.002
15442.303
15442.304
15442.203
15442.305
15442.003
15443.201
15443.001
15443.301
15443.202
15443.302
15443.002
15443.303
15443.203
15443.003
15443.304
15443.305
15443.204
15443.004
15443.306
15443.205
15443.005
15443.206
15443.307
15443.207
15443.308
15443.006
15443.309
15443.208
15443.007
15444.001
15444.201
15444.301
15444.202
15444.302
15444.002
15444.203
15444.303
15444.003
15444.204
15444.304
15444.004
15444.305
15444.205
15444.306
15444.005
15444.206
15444.307
15444.006
15445.301
15445.302
15445.303
15445.304
15448.301
15448.302
15448.201
15448.303
15449.201
15449.202
15449.001
15449.301
15450.201
15450.001
15450.301
15451.201
15451.001
15451.301
15452.201
15452.001
15452.301
15452.202
15452.302
15452.002
15452.303
15452.203
15452.003
15452.204
15452.304
15452.004
15452.005
15452.305
15452.205
15453.201
15453.301
15453.001
15453.202
15453.002
15453.302
15457.001
15457.002
15457.201
15457.003
15457.202
15457.004
15457.005
15457.203
15457.301
15457.006
15457.204
15457.302
15457.007
15457.205
15457.303
15457.206
15457.304
15457.008
15457.305
15457.207
15457.009
15457.306
15457.208
15457.010
15457.307
15457.209
15457.011
15458.001
15458.201
15458.202
15458.002
15458.203
15458.003
15458.301
15458.302
15458.204
15458.004
15458.303
15460.001
15460.201
15460.301
15460.202
15460.302
15460.002
15460.203
15460.303
15460.003
15461.201
15461.001
15461.002
15461.202
15461.301
15461.302
15461.203
15461.303
15461.003
15461.204
15461.304
15461.004
15462.001
15462.201
15462.301
15465.201
15465.202
15465.203
15465.001
15465.002
15465.301
15465.302
15465.204
15465.003
15465.303
15465.205
15466.201
15466.001
15466.202
15466.301
15466.302
15466.303
15466.002
15466.003
15466.304
15466.203
15466.004
15466.305
15466.204
15466.306
15466.005
15466.006
15466.205
15466.307
15466.007
15466.308
15466.206
15466.309
15466.008
15466.207
15466.310
15466.208
15466.009
15466.209
15466.311
15466.210
15466.312
15466.010
15466.313
15466.211
15466.314
15466.011
15466.315
15466.012
15466.212
15467.001
15467.201
15467.301
15467.202
15467.302
15467.203
15467.002
15467.204
15467.303
15467.003
15467.304
15467.205
15467.004
15467.305
15467.206
15467.005
15467.306
15467.207
15467.006
15467.007
15467.008
15467.208
15467.209
15467.009
15467.010
15467.307
15467.308
15468.001
15468.201
15468.301
15468.202
15468.302
15469.301
15469.302
15469.303
15469.201
15469.202
15469.203
15469.001
15469.304
15469.204
15469.002
15469.305
15470.301
15470.001
15470.201
15470.302
15470.303
15470.202
15470.002
15470.203
15470.304
15470.003
15470.305
15470.306
15470.204
15470.004
15470.205
15470.307
15470.005
15472.201
15472.202
15472.001
15472.203
15472.002
15472.204
15472.301
15472.003
15472.302
15472.303
15472.004
15472.005
15472.304
15472.006
15472.205
15472.305
15472.007
15472.206
15472.306
15472.008
15473.001
15473.002
15473.201
15473.202
15473.203
15473.301
15473.302
15473.204
15473.003
15473.303
15473.205
15473.304
15473.206
15473.207
15473.004
15473.208
15473.005
15473.006
15473.209
15473.305
15473.306
15473.307
15473.308
15473.103
15473.007
15474.001
15474.201
15474.002
15474.003
15474.202
15474.101
15474.102
15474.103
15474.104
15474.105
15474.004
15474.203
15474.106
15474.107
15474.005
15474.204
15474.108
15474.006
15474.109
15474.205
15474.007
15474.008
15474.110
15474.206
15474.111
15474.009
15475.001
15475.101
15475.002
15475.201
15475.202
15475.004
15475.203
15475.006
15475.204
15475.007
15475.205
15475.008
15475.206
15475.009
15475.207
15475.010
15475.208
15475.011
15475.209
15475.012
15475.013
15475.014
15475.015
15475.016
15475.017
