18533.001
18533.002
18535.102
18555.001
18555.002
18555.003
18555.004
18555.005
18555.006
18555.007
18555.008
18555.009
18555.010
18555.011
18555.012
18555.013
18555.014
18555.015
18555.016
18555.017
18555.018
18555.019
18555.020
18555.021
18555.022
18555.023
18555.024
18555.025
18555.026
18555.027
18555.028
18555.029
18555.201
18555.202
18555.203
18555.204
18555.205
18555.206
18555.207
18555.208
18555.209
18555.210
18555.211
18555.212
18555.213
18555.214
18555.215
18555.216
18555.217
18555.218
18555.219
18555.220
18555.221
18555.222
18555.223
18555.224
18555.225
18555.226
18555.227
18555.228
18557.201
18557.202
18567.201
18571.001
18571.002
18571.003
18571.004
18571.005
18571.006
18571.007
18571.008
18571.009
18571.010
18571.011
18571.012
18571.013
18571.014
18590.001
18590.002
18590.003
18590.201
18590.202
18590.203
18590.204
18599.201
18599.202
18601.001
18603.001
18603.002
18603.201
18604.001
18607.101
18607.102
18607.103
18607.104
18607.105
18607.106
18607.107
18607.108
18607.109
18607.110
18607.111
18607.112
18607.113
18607.114
18607.115
18607.116
18607.117
18607.118
18607.119
18607.120
18607.121
18607.122
18607.123
18607.124
18607.125
18607.126
18607.127
18607.128
18607.129
18607.130
18611.001
18611.101
18611.201
18612.001
18612.002
18612.003
18612.101
18612.102
18612.103
18612.201
18612.202
18612.203
18613.001
18613.002
18613.101
18613.102
18613.201
18613.202
18619.101
18619.102
18619.103
18620.101
18623.101
18625.101
18625.102
18625.103
18625.104
18625.105
18625.106
18625.107
18625.108
18625.109
18625.110
18625.111
18625.112
18625.113
18625.114
18625.115
18625.116
18625.117
18625.118
18625.301
18625.302
18625.303
18625.304
18625.305
18625.306
18625.307
18625.308
18625.309
18625.310
18625.311
18625.312
18625.313
18625.314
18625.315
18625.316
18625.317
18625.318
18625.319
18625.320
18625.321
18625.322
18625.323
18625.324
18625.325
18625.326
18625.327
18625.328
18625.329
18625.330
18625.331
18625.332
18626.001
18626.101
18626.102
18626.201
18626.301
18626.302
18641.001
18641.002
18641.003
18641.004
18641.101
18641.102
18641.103
18641.201
18641.202
18641.301
18641.302
18642.001
18642.002
18642.101
18642.102
18642.103
18642.104
18642.301
18642.302
18642.303
18642.304
18643.001
18663.001
18663.002
18663.003
18663.004
18663.005
18663.006
18663.101
18663.102
18663.103
18663.104
18663.105
18663.106
18663.201
18663.202
18663.203
18663.204
18663.205
18663.301
18663.302
18663.303
18664.001
18664.002
18664.003
18664.004
18664.005
18664.101
18664.102
18664.103
18664.104
18664.201
18664.202
18664.203
18664.204
18664.205
18664.301
18664.302
18664.303
18664.304
18666.001
18666.002
18666.003
18666.004
18666.101
18666.102
18666.103
18666.104
18666.201
18666.202
18666.203
18666.301
18666.302
18666.303
18667.001
18667.002
18667.003
18667.004
18667.005
18667.006
18667.007
18667.101
18667.102
18667.103
18667.104
18667.105
18667.106
18667.107
18667.108
18667.109
18667.201
18667.202
18667.203
18667.204
18667.205
18667.206
18667.301
18667.302
18667.303
18667.304
18667.305
18667.306
18789.001
18789.002
18789.003
18789.004
18789.101
18789.102
18789.103
18789.104
18789.202
18789.203
18789.204
18789.205
18789.206
18789.302
18789.303
18789.304
18789.305
18789.306
