17580.201
17580.202
17580.203
17580.204
17580.205
17580.304
17580.305
17580.306
17581.201
17581.202
17581.203
17581.204
17581.301
17581.302
17581.303
17581.304
17581.305
17581.306
17583.101
17583.102
17583.103
17583.104
17583.105
17583.106
17583.107
17583.108
17583.109
17583.110
17583.111
17583.112
17583.201
17583.202
17583.203
17583.204
17583.205
17583.301
17583.302
17583.303
17583.304
17583.305
17586.101
17586.102
17586.103
17586.104
17586.105
17586.106
17586.201
17586.202
17586.203
17586.204
17586.205
17586.206
17586.207
17587.101
17587.102
17587.201
17587.202
17589.101
17589.102
17589.201
17589.202
17592.101
17592.102
17592.103
17592.104
17592.105
17592.106
17592.107
17592.108
17592.109
17592.110
17592.111
17592.112
17592.113
17592.114
17592.301
17592.302
17592.303
17592.304
17592.305
17592.306
17592.307
17592.308
17592.309
17592.310
17592.311
17592.312
17593.001
17593.002
17593.003
17593.101
17593.102
17593.103
17593.104
17593.105
17593.201
17593.202
17593.203
17593.204
17593.205
17593.206
17593.301
17594.001
17594.002
17594.003
17594.201
17594.202
17594.301
17594.302
17594.303
17596.001
17596.002
17596.003
17596.201
17596.202
17596.301
17596.302
17596.303
17596.304
