16543.207
16543.206
16543.205
16543.204
16543.203
16543.202
16543.201
16543.105
16543.104
16543.103
16543.102
16543.101
16543.006
16543.005
16543.004
16543.003
16543.002
16543.001
16541.205
16541.204
16541.203
16541.202
16541.201
16541.106
16541.105
16541.104
16541.103
16541.102
16541.101
16541.005
16541.004
16541.003
16541.002
16541.001
16539.202
16539.201
16539.102
16539.101
16539.002
16539.001
16538.205
16538.204
16538.203
16538.202
16538.201
16538.105
16538.104
16538.103
16538.102
16538.101
16538.005
16538.004
16538.003
16538.002
16538.001
16535.202
16535.201
16535.102
16535.101
16535.002
16535.001
16534.205
16534.204
16534.203
16534.202
16534.201
16534.106
16534.105
16534.104
16534.103
16534.102
16534.101
16534.005
16534.004
16534.003
16534.002
16534.001
16532.203
16532.202
16532.201
16532.105
16532.104
16532.103
16532.101
16532.004
16532.003
16532.002
16532.001
16531.305
16531.304
16531.303
16531.302
16531.301
16531.208
16531.207
16531.206
16531.205
16531.204
16531.203
16531.202
16531.201
16531.111
16531.110
16531.109
16531.108
16531.107
16531.106
16531.105
16531.104
16531.103
16531.102
16531.101
16530.308
16530.307
16530.306
16530.305
16530.304
16530.303
16530.302
16530.301
16530.207
16530.206
16530.205
16530.204
16530.203
16530.202
16530.201
16530.115
16530.114
16530.113
16530.112
16530.111
16530.110
16530.109
16530.108
16530.107
16530.106
16530.105
16530.104
16530.103
16530.102
16530.101
16530.011
16530.010
16530.009
16530.008
16530.007
16530.006
16530.005
16530.003
16530.002
16530.001
16529.205
16529.204
16529.203
16529.202
16529.201
16529.105
16529.104
16529.103
16529.102
16529.101
16529.005
16529.004
16529.003
16529.002
16529.001
16528.201
16528.101
16528.001
16525.304
16525.303
16525.302
16525.301
16525.208
16525.207
16525.206
16525.205
16525.204
16525.203
16525.202
16525.201
16525.112
16525.111
16525.110
16525.109
16525.108
16525.107
16525.106
16525.105
16525.104
16525.103
16525.102
16525.101
16525.004
16525.003
16525.002
16525.001
16523.204
16523.203
16523.202
16523.201
16523.104
16523.103
16523.102
16523.101
16523.004
16523.003
16523.002
16523.001
16516.216
16516.215
16516.214
16516.213
16516.212
16516.211
16516.210
16516.209
16516.208
16516.207
16516.206
16516.205
16516.204
16516.203
16516.202
16516.201
16515.205
16515.204
16515.203
16515.202
16515.201
16515.107
16515.106
16515.105
16515.104
16515.103
16515.102
16515.101
16515.005
16515.004
16515.003
16515.002
16515.001
16514.301
16514.205
16514.204
16514.203
16514.202
16514.201
16514.113
16514.112
16514.111
16514.110
16514.109
16514.108
16514.107
16514.106
16514.105
16514.104
16514.103
16514.102
16514.101
16514.005
16514.004
16514.003
16514.002
16514.001
16513.301
16513.103
16513.102
16513.101
16513.002
16513.001
16512.305
16512.304
16512.303
16512.302
16512.301
16512.105
16512.104
16512.103
16512.102
16512.101
16512.005
16512.004
16512.003
16512.002
16512.001
16511.106
16511.105
16511.104
16511.103
16511.102
16511.101
16511.005
16511.004
16511.003
16511.002
16511.001
16509.105
16509.104
16509.103
16509.102
16509.101
16509.005
16509.004
16509.003
16509.002
16509.001
16508.102
16508.101
16508.002
16508.001
16507.302
16507.301
16507.105
16507.104
16507.103
16507.102
16507.101
16507.005
16507.004
16507.003
16507.002
16507.001
16506.111
16506.110
16506.109
16506.108
16506.107
16506.106
16506.105
16506.104
16506.103
16506.102
16506.101
16506.007
16506.006
16506.005
16506.004
16506.003
16506.002
16506.001
16505.106
16505.105
16505.104
16505.103
16505.102
16505.101
16505.005
16505.004
16505.003
16505.002
16505.001
16504.104
16504.103
16504.102
16504.101
16504.004
16504.003
16504.002
16504.001
16503.101
16503.001
16502.106
16502.105
16502.104
16502.103
16502.102
16502.101
16502.005
16502.004
16502.003
16502.002
16502.001
16500.102
16500.101
16500.002
16500.001
16499.101
16499.001
16498.106
16498.105
16498.104
16498.103
16498.102
16498.101
16498.006
16498.005
16498.004
16498.003
16498.002
16498.001
16497.103
16497.102
16497.101
16497.003
16497.002
16497.001
16496.307
16496.306
16496.305
16496.304
16496.303
16496.302
16496.301
16496.107
16496.106
16496.105
16496.104
16496.103
16496.102
16496.101
16496.008
16496.007
16496.006
16496.005
16496.004
16496.003
16496.002
16496.001
16495.309
16495.308
16495.307
16495.306
16495.305
16495.304
16495.303
16495.302
16495.301
16495.202
16495.201
16495.109
16495.108
16495.107
16495.106
16495.105
16495.104
16495.103
16495.102
16495.101
16494.302
16494.301
16494.102
16494.101
16494.003
16494.002
16494.001
16493.301
16493.103
16493.102
16493.101
16493.002
16493.001
16492.301
16492.101
16492.001
16491.301
16491.102
16491.101
16491.003
16491.002
16491.001
16490.301
16490.101
16490.001
16489.301
16489.101
16489.001
16487.202
16487.201
16487.103
16487.102
16487.101
16487.003
16487.002
16487.001
16486.202
16486.201
16486.102
16486.101
16486.002
16486.001
16485.201
16485.102
16485.101
16485.001
16484.206
16484.205
16484.204
16484.203
16484.202
16484.201
16484.108
16484.107
16484.106
16484.105
16484.104
16484.103
16484.102
16484.101
16484.005
16484.004
16484.003
16484.002
16484.001
16483.202
16483.201
16483.101
16483.001
16482.101
16482.003
16482.002
16482.001
16481.306
16481.305
16481.304
16481.302
16481.202
16481.201
16481.106
16481.105
16481.103
16481.102
16481.003
16481.002
16481.001
16480.306
16480.305
16480.304
16480.303
16480.302
16480.301
16480.206
16480.205
16480.204
16480.203
16480.202
16480.201
16480.107
16480.106
16480.105
16480.104
16480.103
16480.102
16480.101
16480.007
16480.006
16480.005
16480.004
16480.003
16480.002
16480.001
16479.301
16479.201
16479.101
16479.001
16478.302
16478.301
16478.202
16478.201
16478.102
16478.101
16478.002
16478.001
16476.303
16476.302
16476.301
16476.202
16476.201
16476.104
16476.103
16476.102
16476.101
16476.002
16476.001
16475.305
16475.304
16475.303
16475.302
16475.301
16475.208
16475.207
16475.206
16475.205
16475.204
16475.203
16475.202
16475.201
16475.105
16475.104
16475.103
16475.102
16475.101
16475.006
16475.005
16475.004
16475.003
16475.002
16475.001
16473.202
16473.201
16473.101
16473.001
16472.306
16472.305
16472.304
16472.303
16472.302
16472.301
16472.206
16472.205
16472.204
16472.203
16472.202
16472.201
16472.110
16472.109
16472.108
16472.107
16472.106
16472.105
16472.104
16472.103
16472.102
16472.101
16472.006
16472.005
16472.004
16472.003
16472.002
16472.001
16471.201
16471.101
16471.001
16470.305
16470.304
16470.303
16470.302
16470.301
16470.205
16470.204
16470.203
16470.202
16470.201
16470.105
16470.104
16470.103
16470.102
16470.101
16470.005
16470.004
16470.003
16470.002
16470.001
16469.301
16469.202
16469.201
16469.101
16469.001
16468.302
16468.301
16468.204
16468.203
16468.202
16468.201
16468.103
16468.102
16468.101
16468.003
16468.002
16468.001
16467.201
16467.101
16467.001
16466.201
16466.101
16466.001
16465.305
16465.304
16465.303
16465.302
16465.301
16465.206
16465.205
16465.204
16465.203
16465.202
16465.201
16465.105
16465.104
16465.103
16465.102
16465.101
16465.007
16465.006
16465.005
16465.004
16465.003
16465.002
16465.001
16464.302
16464.301
16464.204
16464.203
16464.202
16464.201
16464.103
16464.102
16464.101
16464.003
16464.002
16464.001
16463.305
16463.304
16463.303
16463.302
16463.301
16463.208
16463.207
16463.206
16463.205
16463.204
16463.203
16463.202
16463.201
16463.111
16463.110
16463.109
16463.108
16463.107
16463.106
16463.105
16463.104
16463.103
16463.102
16463.101
16463.008
16463.007
16463.006
16463.005
16463.004
16463.003
16463.002
16463.001
16462.304
16462.303
16462.302
16462.301
16462.203
16462.202
16462.201
16462.105
16462.104
16462.103
16462.102
16462.101
16462.005
16462.004
16462.003
16462.002
16462.001
16461.305
16461.304
16461.303
16461.302
16461.301
16461.207
16461.206
16461.205
16461.204
16461.203
16461.202
16461.201
16461.108
16461.107
16461.106
16461.105
16461.104
16461.103
16461.102
16461.101
16461.007
16461.006
16461.005
16461.004
16461.003
16461.002
16461.001
16460.304
16460.303
16460.302
16460.301
16460.205
16460.204
16460.203
16460.202
16460.201
16460.107
16460.106
16460.105
16460.104
16460.103
16460.102
16460.101
16460.006
16460.005
16460.004
16460.003
16460.002
16460.001
16459.201
16459.001
16458.305
16458.304
16458.303
16458.302
16458.301
16458.205
16458.204
16458.203
16458.202
16458.201
16458.107
16458.106
16458.105
16458.104
16458.103
16458.102
16458.101
16458.005
16458.004
16458.003
16458.002
16458.001
16456.102
16456.101
16453.304
16453.303
16453.302
16453.301
16453.205
16453.204
16453.203
16453.202
16453.201
16453.105
16453.104
16453.103
16453.102
16453.101
16453.005
16453.004
16453.003
16453.002
16453.001
16452.304
16452.303
16452.302
16452.301
16452.205
16452.204
16452.203
16452.202
16452.201
16452.107
16452.106
16452.105
16452.103
16452.102
16452.101
16452.006
16452.005
16452.004
16452.002
16452.001
16451.304
16451.303
16451.302
16451.301
16451.207
16451.206
16451.205
16451.204
16451.203
16451.202
16451.201
16451.106
16451.105
16451.104
16451.103
16451.102
16451.005
16451.004
16451.003
16451.002
16451.001
16450.308
16450.307
16450.306
16450.305
16450.304
16450.303
16450.302
16450.301
16450.205
16450.204
16450.203
16450.202
16450.201
16450.108
16450.107
16450.106
16450.105
16450.104
16450.103
16450.102
16450.006
16450.005
16450.004
16450.003
16450.002
16450.001
16449.307
16449.306
16449.305
16449.304
16449.303
16449.302
16449.301
16449.207
16449.206
16449.205
16449.204
16449.203
16449.202
16449.201
16449.111
16449.110
16449.109
16449.108
16449.107
16449.106
16449.105
16449.104
16449.103
16449.102
16449.101
16449.007
16449.006
16449.005
16449.004
16449.003
16449.002
16449.001
16447.307
16447.306
16447.305
16447.304
16447.303
16447.302
16447.301
16447.209
16447.208
16447.207
16447.206
16447.205
16447.204
16447.203
16447.202
16447.201
16447.106
16447.105
16447.104
16447.103
16447.102
16447.101
16447.008
16447.007
16447.006
16447.005
16447.004
16447.003
16447.002
16447.001
16446.303
16446.302
16446.301
16446.202
16446.201
16446.103
16446.102
16446.101
16446.002
16446.001
16445.313
16445.312
16445.311
16445.310
16445.309
16445.308
16445.307
16445.305
16445.304
16445.303
16445.302
16445.301
16445.211
16445.210
16445.209
16445.208
16445.207
16445.206
16445.205
16445.204
16445.203
16445.202
16445.201
16445.111
16445.110
16445.109
16445.108
16445.107
16445.106
16445.105
16445.104
16445.103
16445.102
16445.101
16445.008
16445.007
16445.006
16445.005
16445.004
16445.003
16445.002
16445.001
16444.306
16444.305
16444.304
16444.303
16444.302
16444.301
16444.206
16444.205
16444.204
16444.203
16444.202
16444.201
16444.105
16444.104
16444.103
16444.102
16444.101
16444.006
16444.005
16444.004
16444.003
16444.002
16444.001
16442.301
16442.203
16442.202
16442.201
16442.104
16442.103
16442.102
16442.101
16442.003
16442.002
16442.001
16441.201
16441.101
16441.001
16439.302
16439.301
16439.203
16439.202
16439.201
16439.103
16439.102
16439.101
16439.003
16439.002
16439.001
16438.304
16438.303
16438.302
16438.301
16438.204
16438.203
16438.202
16438.201
16438.102
16438.101
16438.004
16438.003
16438.002
16438.001
16437.301
16437.201
16437.001
16436.302
16436.301
16436.202
16436.201
16436.105
16436.104
16436.103
16436.102
16436.101
16436.005
16436.004
16436.003
16436.002
16436.001
16435.304
16435.303
16435.302
16435.301
16435.204
16435.203
16435.202
16435.201
16435.102
16435.101
16435.003
16435.002
16435.001
16434.301
16434.202
16434.201
16434.003
16434.002
16434.001
16433.305
16433.304
16433.303
16433.302
16433.301
16433.204
16433.203
16433.202
16433.201
16433.105
16433.104
16433.103
16433.102
16433.101
16433.005
16433.004
16433.003
16433.002
16433.001
16430.301
16430.202
16430.201
16430.102
16430.101
16430.002
16430.001
16429.101
16427.306
16427.305
16427.304
16427.303
16427.302
16427.301
16427.206
16427.205
16427.204
16427.203
16427.202
16427.201
16427.106
16427.105
16427.104
16427.103
16427.102
16427.101
16427.005
16427.004
16427.003
16427.002
16427.001
16426.303
16426.302
16426.301
16426.204
16426.203
16426.202
16426.201
16426.104
16426.103
16426.102
16426.101
16426.004
16426.003
16426.002
16426.001
16425.201
16425.101
16425.001
16424.302
16424.301
16424.203
16424.202
16424.201
16424.102
16424.101
16424.003
16424.002
16424.001
16423.302
16423.301
16423.201
16423.102
16423.101
16423.002
16423.001
16422.301
16422.202
16422.201
16422.102
16422.101
16422.003
16422.002
16422.001
16421.307
16421.306
16421.305
16421.304
16421.303
16421.302
16421.301
16421.212
16421.211
16421.210
16421.209
16421.208
16421.207
16421.206
16421.205
16421.204
16421.203
16421.202
16421.201
16421.106
16421.105
16421.104
16421.103
16421.102
16421.101
16421.013
16421.012
16421.011
16421.010
16421.009
16421.008
16421.007
16421.006
16421.005
16421.004
16421.003
16421.002
16421.001
16420.301
16420.201
16420.001
16419.301
16419.201
16419.001
16418.302
16418.301
16418.202
16418.201
16418.101
16418.002
16418.001
16417.301
16417.101
16413.210
16413.209
16413.208
16413.207
16413.206
16413.205
16413.204
16413.203
16413.202
16413.201
16412.306
16412.305
16412.304
16412.303
16412.302
16412.301
16412.206
16412.205
16412.204
16412.203
16412.202
16412.201
16412.111
16412.110
16412.109
16412.108
16412.107
16412.106
16412.105
16412.104
16412.103
16412.102
16412.101
16412.007
16412.006
16412.005
16412.004
16412.003
16412.002
16412.001
16411.101
16411.001
16410.307
16410.306
16410.305
16410.304
16410.303
16410.302
16410.301
16410.206
16410.205
16410.204
16410.203
16410.202
16410.201
16410.104
16410.103
16410.102
16410.101
16410.005
16410.004
16410.003
