17064.001
17064.002
17064.003
17064.004
17068.001
17068.002
17068.003
17068.004
17068.005
17068.006
17068.007
17068.008
17068.009
17068.010
17068.101
17068.102
17068.103
17068.201
17068.202
17068.203
17068.204
17068.205
17068.206
17068.207
17068.208
17068.209
17068.210
17068.301
17069.001
17069.101
17069.102
17069.103
17069.104
17069.105
17069.106
17069.107
17069.108
17069.301
17069.302
17069.303
17072.001
17072.002
17072.003
17072.004
17072.005
17072.006
17072.101
17072.102
17072.103
17072.104
17072.105
17072.106
17072.201
17072.202
17072.203
17072.204
17072.301
17072.302
17072.303
17072.304
17072.305
17072.306
17072.307
17072.308
17080.001
17080.002
17080.003
17080.101
17080.102
17080.201
17080.202
17080.301
17080.302
17080.303
17084.001
17084.002
17084.003
17084.101
17084.102
17084.103
17084.201
17084.202
17084.203
17084.301
17084.302
17084.303
17085.201
17085.202
17085.203
17089.201
17089.202
17089.203
17089.301
17089.302
17089.303
17089.304
17092.201
17092.301
17114.001
17114.002
17114.003
17114.004
17114.005
17114.006
17114.007
17114.008
17114.009
17114.010
17114.011
17114.012
17114.013
17114.014
17114.015
17114.016
17114.201
17114.202
17114.203
17114.204
17114.205
17114.206
17114.207
17114.208
17114.209
17114.210
17114.211
17114.212
17121.001
17121.002
17121.003
17121.004
17121.005
17121.006
17121.007
17121.008
17121.009
17121.010
17121.011
17121.012
17121.013
17121.014
17121.015
17121.016
17121.017
17121.018
17121.019
17121.020
17121.021
17121.022
17121.023
17121.024
17121.025
17121.026
17121.101
17121.102
17121.103
17121.104
17121.105
17121.106
17121.107
17121.108
17121.109
17121.110
17121.111
17121.112
17121.113
17121.114
17121.115
17121.116
17121.117
17121.118
17121.119
17121.120
17121.121
17121.122
17121.123
17121.124
17121.125
17121.126
17121.127
17121.128
17121.129
17121.130
17121.131
17121.132
17121.133
17121.134
17121.135
17121.136
17121.137
17121.138
17121.139
17121.201
17121.202
17121.203
17121.204
17121.205
17121.206
17121.207
17121.208
17121.209
17121.210
17121.211
17121.212
17121.213
17121.214
17121.215
17121.216
17121.217
17121.218
17121.219
17121.220
17121.221
17121.222
17121.223
17121.224
17121.225
17121.226
17121.301
17121.302
17121.303
17121.304
17121.305
17121.306
17121.307
17121.308
17121.309
17121.310
17121.311
17121.312
17121.313
17121.314
17121.315
17121.316
17121.317
17121.318
17121.319
17121.320
17122.001
17122.101
17122.201
17122.301
17127.001
17127.002
17127.101
17127.102
17127.201
17127.202
17127.301
17127.302
17128.001
17128.002
17128.101
17128.201
17128.301
17132.001
17132.101
17132.201
17132.301
17133.001
17133.002
17133.101
17133.102
17133.201
17133.202
17133.301
17133.302
17134.001
17134.002
17134.201
17134.202
17135.001
17135.002
17135.101
17135.102
17135.201
17135.202
17135.301
17135.302
17135.303
17136.001
17136.101
17136.201
17136.202
17136.301
17137.001
17137.002
17137.003
17137.101
17137.102
17137.103
17137.104
17137.201
17137.202
17137.203
17137.204
17137.301
17137.302
17137.303
17137.304
17137.305
17144.001
17144.002
17144.003
17144.004
17144.005
17144.006
17144.007
17144.008
17144.009
17144.010
17144.201
17144.202
17144.203
17144.204
17144.205
17144.206
17144.207
17144.208
17144.209
17144.210
17144.211
17144.301
17144.302
17144.303
17144.304
17145.001
17147.001
17147.101
17147.201
17147.301
17148.201
17156.001
17156.002
17156.101
17156.102
17156.201
17156.202
17156.301
17156.302
17158.001
17158.101
17158.201
17158.301
17159.001
17159.002
17159.101
17159.102
17159.201
17159.202
17159.301
17159.302
17159.303
17161.001
17161.101
17161.201
17161.301
17162.001
17162.101
17162.201
17162.301
17164.001
17164.002
17164.101
17164.102
17164.201
17164.202
17164.301
17164.302
17165.001
17165.002
17165.101
17165.102
17165.201
17165.301
17166.001
17166.002
17166.003
17166.101
17166.102
17166.201
17166.202
17166.301
17166.302
17167.001
17167.002
17167.101
17167.102
17168.001
17168.101
17169.001
17169.002
17169.003
17169.004
17169.101
17169.102
17169.103
17169.104
17169.201
17169.202
17169.203
17169.301
17169.302
17171.001
17172.001
17172.102
17172.201
17172.202
17172.203
17172.301
17172.302
17172.303
17173.001
17173.002
17173.003
17173.004
17173.005
17173.101
17173.102
17173.103
17173.201
17173.202
17173.301
17175.001
17175.002
17175.003
17175.004
17175.101
17175.102
17175.103
17175.301
17175.302
17175.304
17175.305
17178.001
17178.002
17178.003
17178.004
17178.101
17178.102
17178.103
17178.104
17178.301
17178.302
17179.001
17179.101
17183.001
17183.002
17183.003
17183.101
17183.102
17183.301
17186.001
17186.002
17186.003
17186.004
17186.005
17186.006
17186.101
17186.102
17186.103
17186.104
17186.301
17186.302
17186.303
17186.304
17186.305
17197.001
17197.002
17197.003
17197.101
17197.102
17197.301
17197.302
17198.001
17198.101
17199.001
17199.002
17199.301
17199.302
17200.001
17200.301
17201.001
17201.002
17201.003
17201.004
17201.101
17201.102
17201.103
17201.301
17201.302
17201.303
17201.304
17201.305
17202.001
17202.002
17202.003
17202.004
17202.005
17202.101
17202.102
17202.103
17202.104
17202.301
17202.302
17202.303
17202.304
17203.001
17203.002
17203.003
17203.004
17203.101
17203.102
17203.103
17203.104
17203.301
17203.302
17204.001
17204.301
17205.001
17205.002
17205.003
17205.101
17205.102
17205.301
17206.001
17206.002
17206.003
17206.004
17206.101
17206.102
17206.103
17206.104
17206.105
17207.001
17207.002
17207.003
17207.101
17207.102
17207.103
17208.001
17208.002
17208.003
17208.004
17208.101
17209.001
17209.002
17209.003
17209.101
17209.102
17209.103
17209.301
17210.001
17210.002
17210.101
17211.001
17211.101
17213.001
17214.001
17215.001
17216.001
17217.001
17217.002
17217.003
17217.101
17217.102
17218.001
17218.002
17218.003
17218.004
17218.101
17218.102
17218.103
17219.001
17219.002
17219.003
17219.101
17220.001
17220.002
17220.003
17220.004
17220.005
17220.006
17220.007
17220.008
17220.009
17220.101
17220.102
17220.103
17220.104
17220.105
17220.106
17220.107
17220.108
17220.109
17220.110
17220.111
17220.112
17220.113
17220.114
17220.115
17221.001
17221.002
17221.101
17221.102
17221.201
17222.001
17222.002
17222.003
17222.004
17222.101
17222.102
17222.201
17222.202
17222.203
17222.204
17222.301
17222.302
17222.303
17222.304
17222.305
17223.001
17223.002
17223.003
17223.004
17223.101
17223.102
17223.103
17223.104
17223.201
17223.202
17223.203
17223.302
17223.303
17223.304
17228.001
17228.002
17228.301
17228.302
17229.001
17229.101
17230.001
17231.001
17231.002
17232.001
17232.002
17232.003
17232.004
17232.005
17232.006
17232.101
17232.102
17232.103
17232.104
17232.301
17232.302
17232.303
17232.304
17236.001
17236.002
17236.003
17236.004
17236.101
17236.102
17236.103
17236.104
17236.301
17236.302
17236.303
17237.001
17237.002
17237.003
17237.004
17237.005
17237.101
17237.102
17237.103
17237.104
17237.105
17237.301
17237.302
17237.303
17238.001
17238.002
17238.003
17238.004
17238.005
17238.101
17238.102
17238.103
17238.104
17238.105
17238.301
17238.302
17238.303
17239.001
17239.002
17239.003
17239.004
17239.005
17239.101
17239.102
17239.103
17239.104
17239.105
17239.106
17239.301
17239.302
17239.303
17240.001
17240.002
17240.003
17240.004
17240.005
17240.006
17240.101
17240.102
17240.103
17240.104
17240.105
17240.106
17240.301
17240.302
17240.303
17241.001
17241.002
17241.003
17241.004
17241.005
17241.101
17241.102
17241.103
17241.104
17241.105
17241.301
17241.302
17241.303
17244.001
17244.002
17244.003
17244.004
17244.005
17244.006
17244.007
17244.008
17244.101
17244.102
17244.103
17244.104
17244.105
17244.106
17244.107
17244.301
17244.302
17244.303
17244.304
17244.305
17245.001
17245.002
17245.003
17245.101
17245.102
17246.001
17246.002
17246.101
17246.102
17247.001
17247.002
17247.003
17247.004
17247.005
17247.101
17247.102
17247.103
17247.104
17247.105
17247.301
17247.302
17247.303
17248.001
17248.002
17248.003
17248.004
17248.005
17248.006
17248.007
17248.101
17248.102
17248.103
17248.104
17248.105
17248.106
17248.107
17248.301
17248.302
17248.303
17248.304
17250.001
17250.002
17250.003
17250.004
17250.005
17250.101
17250.102
17250.103
17250.104
17250.105
17250.301
17250.302
17250.303
17250.304
17252.001
17252.101
17253.001
17253.002
17253.003
17253.004
17253.101
17253.102
17253.103
17253.104
17254.001
17254.201
17254.202
17254.203
17254.204
17254.205
17255.001
17255.002
17255.101
17256.001
17256.002
17256.003
17256.101
17256.102
17256.103
17260.001
17260.201
17260.202
17260.203
17260.301
17261.001
17261.002
17261.101
17261.201
17261.202
17261.203
17261.301
17261.302
17261.303
17263.001
17263.002
17263.003
17263.004
17263.101
17263.102
17263.103
17263.201
17263.202
17263.203
17263.204
17263.205
17263.301
17263.302
17263.303
17263.304
17263.305
17265.001
17265.002
17265.003
17265.004
17265.005
17265.006
17265.007
17265.101
17265.102
17265.103
17265.104
17265.105
17265.106
17265.107
17265.201
17265.202
17265.203
17265.204
17265.205
17265.206
17265.301
17265.302
17265.303
17265.304
17265.305
17265.306
17266.001
17266.002
17266.003
17266.004
17266.005
17266.006
17266.007
17266.008
17266.101
17266.102
17266.103
17266.104
17266.105
17266.106
17266.201
17266.202
17266.203
17266.204
17266.205
17266.206
17266.301
17266.302
17266.303
17266.304
17266.305
17266.306
17266.307
17266.308
17267.001
17267.002
17267.003
17267.004
17267.005
17267.006
17267.007
17267.101
17267.102
17267.103
17267.104
17267.105
17267.106
17267.201
17267.202
17267.203
17267.204
17267.205
17267.206
17267.301
17267.302
17267.303
17267.304
17267.305
17267.306
17267.307
17267.308
17268.001
17268.002
17268.003
17268.004
17268.005
17268.006
17268.101
17268.102
17268.103
17268.104
17268.105
17268.201
17268.202
17268.203
17268.204
17268.301
17268.302
17268.303
17269.001
17269.002
17269.003
17269.004
17269.101
17269.102
17269.103
17269.201
17269.202
17269.203
17269.204
17269.205
17269.301
17269.302
17269.303
17269.304
17269.305
17270.001
17270.002
17270.003
17270.101
17270.102
17270.201
17271.001
17271.002
17271.101
17271.102
17271.201
17272.001
17272.201
17272.202
17272.301
17272.302
17273.001
17273.002
17273.003
17273.101
17273.102
17273.201
17273.202
17273.203
17273.204
17273.301
17273.302
17273.303
17273.304
17275.001
17275.201
17275.202
17275.301
17275.302
17276.001
17276.002
17276.101
17276.201
17276.202
17276.203
17276.301
17276.302
17276.303
17277.001
17277.002
17277.101
17277.102
17277.201
17278.001
17278.002
17278.101
17278.102
17278.201
17279.001
17279.002
17279.101
17279.102
17279.201
17280.001
17280.102
17280.201
17281.001
17281.002
17281.003
17281.004
17281.005
17281.101
17281.102
17281.103
17281.104
17281.105
17281.201
17281.202
17281.203
17281.204
17281.301
17281.302
17281.303
17282.001
17282.002
17282.003
17282.004
17282.005
17282.006
17282.007
17282.101
17282.102
17282.103
17282.104
17282.105
17282.201
17282.301
17283.001
17283.002
17283.003
17283.004
17283.005
17283.101
17283.102
17283.103
17283.104
17283.105
17283.106
17283.201
17283.202
17283.301
17283.302
17284.001
17284.002
17284.003
17284.004
17284.101
17284.102
17284.103
17284.104
17284.105
17284.201
17284.202
17284.301
17284.302
17284.303
17286.101
17286.201
17286.202
17286.301
17286.302
17289.001
17289.101
17291.001
17291.002
17291.003
17291.101
17291.102
17291.103
17291.201
17291.202
17291.203
17291.301
17291.302
17292.001
17292.002
17292.101
17292.102
17292.201
17293.001
17293.101
17293.102
17293.103
17293.201
17293.202
17293.203
17293.204
17293.301
17293.302
17293.303
17297.001
17297.002
17297.003
17297.005
17297.006
17297.101
17297.102
17297.103
17297.201
17297.202
17297.203
17297.301
17297.302
17301.001
17301.002
17301.003
17301.101
17301.102
17301.103
17301.104
17301.201
17301.202
17301.301
17302.001
17302.002
17302.003
17302.004
17302.101
17302.102
17302.103
17302.104
17302.201
17302.202
17302.203
17302.204
17302.301
17302.302
17302.303
17303.001
17303.101
17303.201
17304.001
17304.002
17304.003
17304.101
17304.102
17304.103
17304.104
17304.105
17304.201
17304.202
17304.203
17304.204
17304.301
17305.001
17305.002
17305.003
17305.101
17305.201
17305.202
17305.203
17305.204
17305.301
17305.302
17305.303
17306.001
17306.002
17306.003
17306.004
17306.101
17306.102
17306.103
17306.201
17306.202
17306.203
17306.204
17306.205
17306.206
17306.207
17306.208
17306.301
17308.001
17308.002
17308.003
17308.004
17308.101
17308.102
17308.103
17308.201
17308.202
17308.203
17308.204
17308.301
17308.302
17308.303
17308.304
17309.001
17309.101
17309.201
17311.001
17311.002
17311.003
17311.004
17311.101
17311.102
17311.103
17311.104
17311.201
17311.202
17311.203
17311.204
17311.301
17311.302
17311.303
17311.304
17312.001
17312.002
17312.003
17312.004
17312.201
17312.202
17312.203
17312.204
17312.301
17312.302
17312.303
17312.304
17313.001
17313.101
17313.201
17314.001
17314.101
17314.201
17315.001
17315.002
17315.003
17315.004
17315.005
17315.101
17315.102
17315.103
17315.104
17315.105
17315.106
17315.107
17315.108
17315.109
17315.201
17315.202
17315.203
17315.204
17315.205
17315.301
17315.302
17315.303
17315.304
17316.001
17316.002
17316.101
17316.102
17316.201
17316.202
17316.203
17317.001
17317.002
17317.003
17317.101
17317.102
17317.103
17317.201
17317.202
17317.203
17317.301
17317.302
17318.001
17318.002
17318.003
17318.004
17318.005
17318.008
17318.101
17318.102
17318.103
17318.104
17318.105
17318.106
17318.110
17318.201
17318.202
17318.203
17318.204
17318.205
17318.206
17318.207
17318.208
17318.301
17318.302
17318.303
17318.304
17321.001
17321.101
17321.201
17322.001
17322.002
17322.003
17322.004
17322.101
17322.102
17322.103
17322.104
17322.201
17322.202
17322.203
17322.204
17322.301
17322.302
17322.303
17324.001
17324.101
17324.201
17324.301
17328.001
17328.002
17328.003
17328.004
17328.005
17328.006
17328.101
17328.102
17328.103
17328.104
17328.105
17328.201
17328.202
17328.203
17328.204
17328.205
17328.301
17328.302
17329.001
17329.002
17329.003
17329.004
17329.101
17329.102
17329.103
17329.104
17329.105
17329.201
17329.202
17329.203
17329.204
17329.205
17329.206
17329.301
17329.302
17329.303
17331.001
17331.002
17331.003
17331.004
17331.005
17331.006
17331.101
17331.102
17331.103
17331.104
17331.105
17331.106
17331.107
17331.201
17331.202
17331.203
17331.204
17331.205
17331.301
17331.302
17333.001
17333.002
17333.003
17333.101
17333.102
17333.103
17333.201
17333.202
17333.203
17333.204
17333.205
17333.206
17333.301
17333.302
17333.303
17333.304
17333.305
17334.001
17334.101
17334.202
17335.001
17335.002
17335.101
17335.102
17335.201
17335.202
17335.301
17337.001
17337.101
17337.201
17338.001
17338.002
17338.003
17338.004
17338.101
17338.102
17338.103
17338.104
17338.201
17338.202
17338.203
17338.204
17338.301
17338.302
17338.303
17339.201
17339.301
17340.001
17340.002
17340.003
17340.004
17340.005
17340.101
17340.102
17340.103
17340.104
17340.201
17340.202
17340.203
17340.204
17340.205
17340.301
17340.302
17340.303
17340.304
17341.001
17341.002
17341.003
17341.004
17341.005
17341.006
17341.007
17341.008
17341.009
17341.010
17341.011
17341.101
17341.102
17341.103
17341.201
17341.202
17341.203
17341.204
17341.205
17341.206
17341.207
17341.208
17341.302
17341.303
17341.304
17341.305
17341.306
17341.307
17344.001
17344.101
17344.201
17344.202
17344.301
17345.001
17345.002
17345.003
17345.004
17345.101
17345.102
17345.103
17345.104
17345.201
17345.202
17345.203
17345.204
17345.205
17345.206
17345.301
17345.302
17345.303
17345.304
17345.305
17346.001
17346.002
17346.101
17346.102
17346.201
17346.202
17346.203
17346.204
17346.205
17346.301
17346.302
17346.303
17346.304
17347.001
17347.002
17347.101
17347.102
17347.202
17347.203
17347.204
17347.205
17347.302
17347.303
17349.001
17349.201
17349.202
17349.301
17349.302
17350.001
17350.201
17350.301
17351.001
17351.201
17351.202
17351.301
17351.302
17352.001
17352.002
17352.003
17352.004
17352.101
17352.102
17352.103
17352.104
17352.201
17352.202
17352.203
17352.204
17352.205
17352.301
17352.302
17352.303
17352.304
17352.305
17352.306
17353.201
17353.202
17353.203
17353.204
17353.205
17353.206
17353.207
17353.208
17353.209
17353.210
17353.211
17353.212
17353.213
17353.214
17353.215
17353.216
17354.101
17354.102
17354.103
17357.001
17357.002
17357.003
17357.201
17357.202
17357.301
17359.001
17359.002
17359.003
17359.004
17359.101
17359.102
17359.103
17359.201
17359.202
17359.203
17359.204
17359.205
17359.301
17359.302
17359.303
17359.304
17359.305
17361.001
17361.201
17361.202
17361.301
17361.302
17362.001
17362.002
17362.201
17362.301
17364.001
17364.201
17364.301
17366.001
17366.002
17366.101
17366.201
17366.202
17366.203
17366.301
17366.302
17366.303
17367.001
17367.002
17367.003
17367.004
17367.005
17367.101
17367.102
17367.103
17367.104
17367.201
17367.202
17367.203
17367.204
17367.205
17367.206
17367.302
17367.303
17367.304
17367.305
17368.001
17368.101
17368.201
17368.202
17368.301
17370.001
17370.002
17370.003
17370.004
17370.101
17370.102
17370.103
17370.104
17370.105
17370.201
17370.202
17370.203
17370.204
17370.205
17370.206
17370.301
17370.302
17370.303
17370.304
17370.305
17370.306
17370.307
17370.308
17371.001
17371.201
17373.001
17373.002
17373.101
17373.201
17375.001
17375.201
17376.001
17376.002
17376.201
17377.301
17377.302
17379.101
17379.201
17379.202
17379.203
17379.204
17379.301
17379.302
17379.303
17380.101
17380.102
17380.201
17380.202
17380.203
17380.204
17380.205
17380.301
17380.302
17380.303
17380.304
17380.305
17382.101
17382.102
17382.103
17382.104
17382.105
17382.201
17382.202
17382.203
17382.204
17382.301
17382.302
17382.303
17382.304
17382.305
17384.101
17384.102
17384.103
17384.104
17384.105
17384.201
17384.202
17384.203
17384.204
17384.205
17384.206
17384.207
17384.208
17384.209
17384.301
17384.302
17384.303
17384.304
17384.305
17384.306
17384.307
17384.308
17384.309
17384.310
17384.311
17384.312
17384.313
17384.314
17384.315
17384.316
17384.317
17384.318
17384.319
17389.101
17389.102
17389.201
17389.202
17389.301
17389.302
17389.303
17389.304
17391.101
17391.102
17391.103
17391.201
17391.202
17391.203
17391.204
17391.205
17391.206
17391.207
17391.208
17391.209
17391.210
17391.211
17391.301
17391.302
17391.303
17391.304
17391.305
17391.306
17391.307
17391.308
17391.309
17391.310
17391.311
17391.312
17391.313
17392.101
17392.301
17393.101
17393.301
17394.101
17394.102
17394.103
17394.201
17394.202
17394.301
17394.302
17394.303
17396.101
17396.102
17396.103
17396.104
17396.105
17396.201
17396.202
17396.203
17396.204
17396.205
17396.206
17396.301
17396.302
17396.303
17396.304
17396.305
17399.101
17399.102
17399.201
17399.202
17399.203
17399.204
17399.205
17399.206
17399.207
17399.301
17399.302
17399.303
17399.304
17399.305
17399.306
17399.307
17399.308
17400.001
17400.101
17400.201
17402.001
17402.101
17402.102
17402.103
17402.104
17402.201
17402.202
17402.203
17402.204
17402.205
17402.301
17402.302
17402.303
17402.304
17403.101
17403.102
17403.201
17403.202
17403.301
17403.302
17403.303
17405.001
17405.101
17405.102
17405.201
17405.202
17405.301
17406.101
17406.102
17406.103
17406.104
17406.105
17406.106
17406.201
17406.202
17406.203
17406.204
17406.205
17406.301
17406.302
17406.303
17406.304
17406.305
17406.306
17407.101
17407.102
17407.103
17407.104
17407.202
17407.203
17407.204
17407.205
17407.206
17407.302
17407.303
17407.304
17407.305
17408.001
17408.101
17408.102
17408.103
17408.104
17408.105
17408.201
17408.202
17408.203
17408.204
17408.205
17408.206
17408.301
17408.302
17408.303
17408.304
17408.305
17409.001
17409.101
17409.102
17409.201
17409.202
17409.203
17409.204
17409.301
17409.302
17410.101
17410.102
17410.103
17410.104
17410.105
17410.106
17410.201
17410.202
17410.203
17410.301
17410.302
17410.303
17410.304
17410.305
17410.306
17411.001
17411.002
17411.101
17411.201
17411.202
17411.301
17414.001
17414.002
17414.101
17414.102
17414.103
17414.104
17414.105
17414.201
17414.202
17414.203
17414.204
17414.205
17414.206
17414.301
17414.302
17414.303
17414.304
17414.305
17415.001
17415.002
17415.003
17415.004
17415.005
17415.006
17415.007
17415.008
17415.101
17415.102
17415.103
17415.104
17415.105
17415.201
17415.202
17415.203
17415.204
17415.205
17415.206
17415.301
17415.302
17415.303
17415.304
17415.305
17416.001
17416.002
17416.003
17416.101
17416.102
17416.103
17416.104
17416.105
17416.106
17416.201
17416.202
17416.203
17416.204
17416.205
17416.206
17416.207
17416.301
17416.302
17416.303
17416.304
17416.305
17417.001
17417.101
17417.102
17417.103
17417.104
17417.105
17417.201
17417.202
17417.203
17417.204
17417.205
17417.206
17417.207
17417.208
17417.209
17417.210
17417.211
17417.212
17417.213
17417.214
17417.215
17417.216
17417.217
17417.218
17417.301
17417.302
17417.303
17417.304
17417.305
17420.201
17420.202
17420.203
17420.204
17423.001
17423.101
17423.102
17423.103
17423.104
17423.201
17423.202
17423.203
17423.204
17423.205
17423.301
17423.302
17423.303
17423.304
17423.305
17426.001
17426.101
17426.102
17426.103
17426.104
17426.201
17426.202
17426.203
17426.204
17426.205
17426.301
17426.302
17426.303
17426.304
17426.305
17427.101
17427.102
17427.103
17427.104
17427.201
17427.202
17427.203
17427.301
17427.302
17427.303
17427.304
17427.305
17427.306
17427.307
17429.101
17429.102
17429.103
17429.104
17429.105
17429.201
17429.202
17429.203
17429.204
17429.301
17429.302
17429.303
17429.304
17430.101
17430.102
17430.103
17430.104
17430.105
17430.201
17430.202
17430.203
17430.204
17430.205
17430.206
17430.207
17430.208
17430.209
17430.210
17430.211
17430.212
17430.213
17430.214
17430.301
17430.302
17430.303
17430.304
17430.305
17431.101
17431.102
17431.103
17431.104
17431.105
17431.201
17431.202
17431.203
17431.204
17431.301
17431.302
17431.303
17431.304
17433.001
17433.101
17433.102
17433.103
17433.104
17433.201
17433.202
17433.203
17433.204
17433.205
17433.206
17433.207
17433.208
17433.301
17433.302
17433.303
17433.304
17434.101
17434.102
17434.103
17434.104
17434.105
17434.201
17434.202
17434.203
17434.204
17434.205
17434.206
17434.207
17434.208
17434.209
17434.210
17434.211
17434.212
17434.213
17434.214
17434.301
17434.302
17434.303
17434.304
17434.305
17434.306
17436.001
17436.101
17436.102
17436.103
17436.104
17436.201
17436.202
17436.203
17436.204
17436.205
17438.101
17438.102
17438.103
17438.104
17438.105
17438.106
17438.107
17438.201
17438.301
17438.302
17438.303
17438.304
17439.101
17439.102
17439.201
17439.301
17439.302
17440.001
17440.101
17440.102
17440.103
17440.104
17440.201
17440.202
17440.203
17440.204
17440.205
17440.206
17440.207
17440.208
17440.209
17440.301
17440.302
17440.303
17440.304
17441.101
17441.301
17443.101
17443.102
17443.103
17443.104
17443.105
17443.106
17443.201
17443.202
17443.203
17443.204
17443.205
17443.301
17443.302
17443.303
17443.304
17443.305
17443.306
17443.307
17445.001
17445.002
17445.003
17445.004
17445.005
17445.006
17445.007
17445.008
17445.009
17445.010
17445.011
17445.012
17445.013
17445.014
17445.015
17445.016
17445.017
17445.018
17445.101
17445.102
17445.103
17445.104
17445.105
17445.106
17445.107
17445.108
17445.109
17445.110
17445.111
17445.112
17445.113
17445.114
17445.115
17445.116
17445.117
17445.118
17445.119
17445.201
17445.202
17445.203
17445.204
17445.205
17445.206
17445.207
17445.208
17445.209
17445.210
17445.211
17445.212
17445.213
17445.214
17445.215
17445.216
17445.217
17445.218
17445.219
17445.220
17445.221
17445.222
17445.223
17445.224
17445.225
17445.301
17445.302
17445.303
17445.304
17445.305
17445.306
17445.307
17445.308
17445.309
17445.310
17445.311
17445.312
17445.313
17445.314
17445.315
17445.316
17445.317
17445.318
17445.319
17445.320
17445.321
17447.001
17447.101
17447.102
17447.103
17447.104
17447.201
17447.202
17447.203
17447.204
17447.205
17447.301
17447.302
17447.303
17447.304
17450.101
17450.301
17451.001
17451.002
17451.003
17451.004
17451.101
17451.102
17451.103
17451.104
17451.105
17451.201
17451.202
17451.203
17451.204
17451.301
17451.302
17451.304
17451.305
17451.306
17451.307
17452.001
17452.002
17452.003
17452.004
17452.005
17452.101
17452.102
17452.103
17452.104
17452.201
17452.202
17452.203
17452.204
17452.205
17452.206
17452.207
17452.301
17453.001
17453.002
17453.101
17453.102
17453.103
17453.201
17453.202
17453.301
17453.302
17453.303
17454.001
17454.002
17454.003
17454.101
17454.102
17454.103
17454.104
17454.105
17454.106
17454.107
17454.201
17454.202
17454.203
17454.301
17454.302
17454.303
17454.304
17454.305
17454.306
17454.307
17455.001
17455.002
17455.003
17455.004
17455.005
17455.101
17455.102
17455.103
17455.104
17455.201
17455.202
17455.203
17455.204
17455.205
17455.301
17455.302
17455.303
17455.304
17455.305
17457.101
17457.301
17459.101
17459.301
17460.101
17460.301
17461.001
17461.101
17461.102
17461.201
17461.301
17461.302
17466.001
17466.002
17466.003
17466.004
17466.005
17466.101
17466.102
17466.103
17466.104
17466.105
17466.106
17466.201
17466.202
17466.203
17466.204
17466.205
17466.301
17466.302
17466.303
17466.304
17467.001
17467.002
17467.003
17467.004
17467.005
17467.006
17467.101
17467.102
17467.103
17467.105
17467.106
17467.107
17467.201
17467.202
17467.203
17467.204
17467.205
17467.301
17467.302
17467.303
17467.304
17467.305
17468.101
17468.301
17469.101
17469.301
17470.001
17470.002
17470.101
17470.102
17470.103
17470.201
17470.202
17470.301
17470.302
17470.303
17472.001
17472.002
17472.003
17472.101
17472.102
17472.201
17472.202
17472.203
17472.301
17472.302
17473.001
17473.002
17473.003
17473.004
17473.101
17473.102
17473.103
17473.104
17473.105
17473.106
17473.201
17473.202
17473.203
17473.204
17473.301
17473.302
17473.303
17473.304
17473.305
17473.306
17474.001
17474.002
17474.003
17474.004
17474.005
17474.101
17474.102
17474.103
17474.104
17474.201
17474.202
17474.203
17474.204
17474.205
17474.301
17474.302
17474.303
17474.304
17478.001
17478.002
17478.101
17478.102
17478.201
17478.301
17479.001
17479.002
17479.003
17479.101
17479.102
17479.103
17479.104
17479.201
17479.202
17479.203
17479.204
17479.301
17479.302
17479.303
17479.304
17479.305
17479.306
17481.001
17481.002
17481.101
17481.102
17481.301
17481.302
17482.001
17482.002
17482.003
17482.101
17482.102
17482.201
17482.202
17482.203
17482.301
17482.302
17483.001
17483.002
17483.102
17483.201
17483.202
17483.301
17483.302
17484.001
17484.002
17484.003
17484.004
17484.101
17484.102
17484.103
17484.201
17484.202
17484.203
17484.204
17484.301
17484.302
17484.303
17485.001
17485.002
17485.003
17485.004
17485.101
17485.102
17485.103
17485.104
17485.105
17485.201
17485.202
17485.203
17485.204
17485.301
17485.302
17485.303
17485.304
17485.305
17486.001
17486.002
17486.003
17486.004
17486.101
17486.102
17486.103
17486.104
17486.105
17486.201
17486.202
17486.203
17486.204
17486.301
17486.302
17486.303
17486.304
17486.305
17488.001
17488.002
17488.101
17488.102
17488.103
17488.201
17488.202
17488.301
17488.302
17488.303
17489.001
17489.201
17491.001
17491.002
17491.003
17491.004
17491.101
17491.102
17491.103
17491.201
17491.202
17491.203
17491.204
17491.301
17491.302
17491.303
17492.001
17492.101
17492.102
17492.201
17492.202
17492.301
17492.302
17494.001
17494.002
17494.003
17494.004
17494.005
17494.006
17494.101
17494.102
17494.103
17494.104
17494.105
17494.201
17494.202
17494.203
17494.204
17494.205
17494.206
17494.301
17494.302
17494.303
17494.304
17494.305
17495.001
17495.002
17495.003
17495.004
17495.101
17495.102
17495.103
17495.104
17495.105
17495.201
17495.202
17495.301
17495.302
17495.303
17495.304
17495.305
17495.306
17496.001
17496.002
17496.003
17496.004
17496.005
17496.006
17496.007
17496.008
17496.009
17496.010
17496.101
17496.102
17496.103
17496.104
17496.105
17496.106
17496.107
17496.108
17496.109
17496.110
17496.111
17496.112
17496.201
17496.202
17496.203
17496.204
17496.205
17496.206
17496.207
17496.208
17496.209
17496.210
17496.211
17496.212
17496.301
17496.302
17496.303
17496.304
17496.305
17496.306
17496.307
17496.308
17496.309
17496.310
17496.311
17496.312
17496.313
17496.314
17496.315
17497.001
17497.201
17497.202
17497.203
17499.001
17499.002
17499.003
17499.004
17499.005
17499.101
17499.102
17499.103
17499.104
17499.201
17499.202
17499.203
17499.204
17499.205
17499.206
17499.301
17499.302
17499.303
17499.304
17499.305
17500.001
17500.002
17500.003
17500.101
17500.102
17500.201
17500.202
17500.203
17500.301
17500.302
17500.303
17500.304
17500.305
17500.306
17502.001
17502.002
17502.003
17502.101
17502.102
17502.103
17502.104
17502.201
17502.202
17502.203
17502.301
17502.302
17503.001
17503.002
17503.201
17503.202
17503.301
17503.302
17503.303
17508.001
17508.201
17512.001
17512.002
17512.003
17512.201
17512.202
17512.203
17512.301
17512.302
17513.001
17513.002
17513.003
17513.201
17513.202
17513.203
17513.301
17513.302
17513.303
17513.304
17514.001
17514.002
17514.003
17514.004
17514.005
17514.201
17514.202
17514.203
17514.204
17514.205
17514.301
17514.302
17514.303
17514.305
17515.001
17515.002
17515.201
17515.202
17515.301
17515.302
17515.303
17517.001
17517.002
17517.003
17517.004
17517.005
17517.201
17517.202
17517.203
17517.204
17517.205
17517.301
17517.302
17517.303
17517.304
17518.001
17518.002
17518.003
17518.004
17518.201
17518.202
17518.203
17518.301
17518.302
17518.303
17518.304
17518.305
17519.001
17519.002
17519.003
17519.004
17519.005
17519.201
17519.202
17519.203
17519.204
17519.205
17519.301
17519.302
17519.303
17519.304
17520.001
17520.002
17520.003
17520.004
17520.201
17520.202
17520.203
17520.204
17520.301
17520.302
17520.303
17520.304
17520.305
17520.306
17521.001
17521.002
17521.003
17521.201
17521.202
17521.203
17521.301
17521.302
17524.001
17524.002
17524.201
17524.202
17524.301
17524.302
17524.303
17526.001
17526.002
17526.003
17526.004
17526.005
17526.201
17526.202
17526.203
17526.204
17526.205
17526.301
17526.302
17526.303
17526.304
17526.305
17526.306
17527.001
17527.002
17527.003
17527.004
17527.201
17527.202
17527.203
17527.301
17527.302
17527.304
17527.305
17529.001
17529.002
17529.003
17529.004
17529.005
17529.006
17529.007
17529.008
17529.009
17529.201
17529.202
17529.203
17529.204
17529.205
17529.301
17529.302
17529.303
17529.304
17529.305
17530.001
17530.002
17530.003
17530.201
17530.202
17530.203
17530.301
17530.302
17530.303
17530.304
17533.001
17533.002
17533.003
17533.004
17533.005
17533.201
17533.202
17533.203
17533.204
17533.301
17533.302
17533.303
17534.001
17534.002
17534.003
17534.004
17534.201
17534.202
17534.203
17534.204
17534.301
17534.302
17534.303
17534.304
17534.305
17536.001
17536.002
17536.101
17536.201
17536.202
17536.203
17536.301
17538.001
17538.002
17538.003
17538.004
17538.101
17538.102
17538.103
17538.104
17538.105
17538.106
17538.201
17538.202
17538.203
17538.204
17538.301
17538.302
17538.303
17539.101
17539.301
17543.001
17543.002
17543.003
17543.004
17543.005
17543.101
17543.201
17543.202
17543.203
17543.204
17543.301
17543.302
17544.001
17544.002
17544.003
17544.004
17544.005
17544.101
17544.102
17544.103
17544.104
17544.201
17544.202
17544.203
17544.204
17544.205
17544.301
17544.302
17544.303
17544.304
17545.001
17545.002
17545.003
17545.101
17545.102
17545.103
17545.104
17545.105
17545.106
17545.107
17545.108
17545.201
17545.301
17545.302
17545.303
17545.304
17545.305
17545.306
17548.001
17548.002
17548.003
17548.101
17548.102
17548.201
17548.202
17548.203
17548.301
17548.302
17550.001
17550.002
17550.003
17550.004
17550.101
17550.102
17550.103
17550.201
17550.202
17550.203
17550.204
17550.301
17550.302
17550.303
17551.101
17551.301
17553.001
17553.002
17553.003
17553.004
17553.101
17553.102
17553.103
17553.104
17553.105
17553.201
17553.202
17553.203
17553.204
17553.301
17553.302
17553.303
17553.304
17553.305
17554.001
17554.002
17554.003
17554.004
17554.005
17554.101
17554.102
17554.103
17554.104
17554.201
17554.202
17554.203
17554.204
17554.205
17554.301
17554.302
17554.303
17554.304
17555.001
17555.002
17555.003
17555.004
17555.005
17555.101
17555.102
17555.103
17555.104
17555.105
17555.201
17555.202
17555.203
17555.204
17555.301
17555.302
17555.303
17555.304
17555.305
17556.001
17556.002
17556.003
17556.004
17556.005
17556.101
17556.102
17556.103
17556.104
17556.201
17556.202
17556.203
17556.204
17556.205
17556.301
17556.302
17556.303
17556.304
17558.001
17558.002
17558.003
17558.004
17558.005
17558.006
17558.007
17558.008
17558.009
17558.101
17558.102
17558.103
17558.104
17558.105
17558.201
17558.202
17558.203
17558.204
17558.205
17558.206
17558.207
17558.208
17558.209
17558.301
17558.302
17558.303
17558.304
17558.305
17560.001
17560.002
17560.003
17560.004
17560.005
17560.006
17560.101
17560.102
17560.103
17560.104
17560.105
17560.201
17560.202
17560.203
17560.204
17560.205
17560.206
17560.301
17560.302
17560.303
17560.304
17560.305
17560.306
17561.001
17561.002
17561.003
17561.004
17561.101
17561.102
17561.103
17561.104
17561.105
17561.106
17561.201
17561.202
17561.203
17561.204
17561.301
17561.302
17562.001
17562.002
17562.101
17562.102
17562.201
17562.202
17562.203
17562.204
17562.205
17562.301
17562.302
17562.303
17562.304
17562.305
17563.001
17563.002
17563.003
17563.004
17563.005
17563.006
17563.007
17563.008
17563.009
17564.001
17564.002
17564.003
17564.004
17566.001
17566.201
17566.301
17566.302
17566.303
17568.201
17568.202
17568.203
17568.204
17568.301
17568.302
17568.303
17568.304
17568.305
17568.306
17570.201
17570.202
17570.203
17570.204
17570.205
17570.301
17570.302
17570.303
17570.304
17570.305
17571.201
17571.202
17571.203
17571.204
17571.301
17571.302
17571.303
17571.304
17572.201
17572.202
17572.203
17572.204
17572.205
17572.301
17572.302
17572.303
17572.304
17572.305
17573.201
17573.202
17573.203
17573.301
17573.302
17573.303
17573.304
17573.305
17574.201
17576.201
17576.202
17576.203
17576.204
17576.205
17576.301
17576.302
17576.303
17576.304
17577.301
17579.201
17579.202
17579.203
17579.204
17579.301
17579.302
17579.303
17579.304
17579.305
17580.201
17580.202
17580.203
17580.204
17580.205
17580.304
17580.305
17580.306
17581.201
17581.202
17581.203
17581.204
17581.301
17581.302
17581.303
17581.304
17581.305
17581.306
17583.101
17583.102
17583.103
17583.104
17583.105
17583.106
17583.107
17583.108
17583.109
17583.110
17583.111
17583.112
17583.201
17583.202
17583.203
17583.204
17583.205
17583.301
17583.302
17583.303
17583.304
17583.305
17586.101
17586.102
17586.103
17586.104
17586.105
17586.106
17586.201
17586.202
17586.203
17586.204
17586.205
17586.206
17586.207
17587.101
17587.102
17587.201
17587.202
17589.101
17589.102
17589.201
17589.202
17592.101
17592.102
17592.103
17592.104
17592.105
17592.106
17592.107
17592.108
17592.109
17592.110
17592.111
17592.112
17592.113
17592.114
17592.301
17592.302
17592.303
17592.304
17592.305
17592.306
17592.307
17592.308
17592.309
17592.310
17592.311
17592.312
17593.001
17593.002
17593.003
17593.101
17593.102
17593.103
17593.104
17593.105
17593.201
17593.202
17593.203
17593.204
17593.205
17593.206
17593.301
17594.001
17594.002
17594.003
17594.201
17594.202
17594.301
17594.302
17594.303
17596.001
17596.002
17596.003
17596.201
17596.202
17596.301
17596.302
17596.303
17596.304
17597.001
17597.002
17597.003
17597.004
17597.005
17597.006
17597.007
17597.008
17597.009
17597.010
17597.011
17597.012
17597.101
17597.201
17597.202
17597.203
17597.204
17597.205
17597.301
17597.302
17597.303
17597.304
17597.305
17597.306
17597.307
17598.001
17598.002
17598.003
17598.004
17598.005
17598.006
17598.007
17598.201
17599.001
17599.002
17599.003
17599.004
17599.005
17599.006
17599.007
17599.008
17599.009
17599.010
17599.011
17599.201
17600.010
17600.011
17600.012
17600.013
17600.210
17600.211
17600.212
17600.213
17600.310
17600.311
17600.312
17600.313
17601.001
17601.002
17601.003
17601.004
17601.005
17601.006
17601.201
17601.202
17601.203
17601.204
17601.205
17601.206
17601.207
17601.208
17601.209
17601.211
17601.212
17601.301
17601.302
17601.303
17601.304
17601.305
17601.306
17601.307
17601.308
17601.310
17699.001
17699.002
17699.003
17699.004
17699.005
17699.006
17699.007
17699.008
17699.201
17699.202
17699.203
17699.204
17699.205
17699.206
17699.207
17699.208
17699.301
17699.302
17699.303
17699.304
17699.305
17699.306
17699.307
17699.308
