19181.001
19181.202
19182.001
19182.002
19182.202
19182.203
19183.001
19183.002
19183.003
19183.004
19183.005
19183.202
19183.203
19183.204
19183.205
19184.001
19184.202
19191.001
19191.002
19191.003
19191.004
19191.005
19191.201
19191.202
19191.203
19191.204
19192.001
19192.002
19192.003
19192.004
19192.202
19192.203
19192.204
19192.205
19193.001
19193.002
19193.003
19193.004
19193.005
19193.202
19193.203
19193.204
19193.205
19195.001
19195.002
19195.003
19195.004
19195.202
19195.203
19195.204
19195.205
19196.001
19196.201
19197.001
19197.002
19197.202
19197.203
19198.001
19198.002
19198.003
19198.004
19198.202
19198.203
19198.204
19199.001
19199.002
19199.201
19200.001
19200.002
19200.202
19202.001
19202.202
19204.001
19204.002
19204.003
19204.004
19204.202
19204.203
19204.204
19204.205
19205.001
19205.002
19205.003
19205.004
19205.005
19205.202
19205.203
19205.204
19205.205
19206.001
19206.201
19207.001
19207.002
19207.003
19207.004
19207.005
19207.202
19207.203
19207.204
19207.205
19208.001
19208.002
19208.202
19209.001
19209.002
19209.202
19211.001
19211.002
19211.003
19211.004
19211.005
19211.006
19211.202
19211.203
19211.204
19211.205
19213.001
19213.002
19213.003
19213.004
19213.005
19213.202
19213.203
19213.204
19213.205
19214.001
19214.002
19214.003
19214.004
19214.005
19214.202
19214.203
19214.204
19214.205
19214.206
19214.207
19214.208
19214.209
19214.210
19214.211
19215.001
19215.002
19215.003
19215.004
19215.005
19215.201
19215.202
19215.203
19215.204
19217.001
19217.202
19221.001
19221.002
19221.003
19221.004
19221.005
19221.006
19221.007
19221.008
19221.009
19221.010
19221.011
19221.012
19221.013
19221.014
19221.015
19221.016
19221.017
19221.018
19221.019
19221.020
19221.021
19221.022
19221.023
19221.024
19221.025
19221.026
19221.027
19221.028
19221.029
19221.030
19221.031
19221.032
19221.033
19221.034
19221.035
19221.036
19221.037
19221.038
19221.039
19221.040
19221.041
19221.042
19221.043
19221.044
19221.045
19221.046
19221.047
19221.048
19221.049
19221.050
19221.051
19221.052
19221.053
19221.054
19222.001
19222.002
19222.003
19222.004
19222.005
19222.006
19227.001
19227.002
19227.003
19227.004
19227.202
19227.203
19227.204
19228.001
19228.002
19228.202
19229.001
19229.002
19229.201
19231.001
19231.002
19231.003
19231.202
19231.203
19231.204
19233.001
19233.202
19234.001
19234.002
19234.003
19234.202
19234.203
19236.001
19236.002
19236.202
19237.001
19237.002
19237.003
19237.004
19237.005
19237.202
19237.203
19237.204
19237.205
19238.001
19238.002
19238.003
19238.004
19238.005
19238.202
19238.203
19238.204
19238.205
19240.001
19240.002
19240.003
19240.004
19240.005
19240.202
19240.203
19240.204
19240.205
19241.001
19241.201
19242.001
19242.002
19242.003
19242.004
19242.005
19242.202
19242.203
19242.204
19242.205
19243.001
19243.002
19243.202
19248.001
19248.002
19248.003
19248.202
19248.203
19248.204
19249.001
19249.002
19249.003
19249.004
19249.005
19249.202
19249.203
19249.204
19249.205
19249.206
