15300.001
15300.002
15300.003
15300.004
15300.101
15300.102
15300.103
15300.201
15300.202
15300.203
15300.301
15300.302
15300.303
15302.001
15302.002
15302.003
15302.101
15302.102
15302.103
15302.201
15302.202
15302.203
15302.301
15302.302
15302.303
15303.001
15303.002
15303.004
15303.101
15303.102
15303.103
15303.104
15303.201
15303.202
15303.203
15303.301
15303.302
15303.303
15311.001
15311.101
15311.102
15311.201
15311.202
15311.301
15311.302
15312.001
15312.101
15312.102
15312.201
15312.202
15312.301
15312.302
15314.001
15314.002
15314.003
15314.004
15314.005
15314.006
15314.007
15314.008
15314.101
15314.102
15314.103
15314.104
15314.105
15314.106
15314.107
15314.201
15314.202
15314.203
15314.204
15314.205
15314.206
15314.207
15314.301
15314.302
15314.303
15314.304
15314.305
15314.306
15314.307
15314.308
15314.309
15315.001
15315.002
15315.003
15315.004
15315.005
15315.101
15315.102
15315.103
15315.104
15315.105
15315.201
15315.202
15315.203
15315.204
15315.205
15315.301
15315.302
15315.303
15315.304
15315.305
15315.306
15316.001
15316.002
15316.003
15316.004
15316.005
15316.006
15316.007
15316.101
15316.102
15316.103
15316.104
15316.105
15316.201
15316.202
15316.203
15316.204
15316.301
15316.302
15316.303
15316.304
15316.305
15322.001
15322.002
15322.003
15322.004
15322.005
15322.006
15322.101
15322.102
15322.103
15322.104
15322.105
15322.106
15322.201
15322.202
15322.203
15322.204
15322.205
15322.206
15322.207
15322.208
15322.301
15322.302
15322.303
15322.304
15322.305
15322.306
15322.307
15322.308
15322.309
15323.001
15323.002
15323.101
15323.102
15323.103
15323.201
15323.202
15323.203
15323.301
15323.302
15324.001
15324.002
15324.003
15324.004
15324.005
15324.006
15324.007
15324.101
15324.102
15324.103
15324.104
15324.105
15324.106
15324.107
15324.108
15324.201
15324.202
15324.203
15324.204
15324.205
15324.206
15324.207
15324.301
15324.302
15324.303
15324.304
15324.305
15324.306
15324.307
15324.308
15324.309
15325.001
15325.002
15325.003
15325.004
15325.101
15325.102
15325.103
15325.201
15325.202
15325.203
15325.301
15325.302
15325.303
15330.001
15330.002
15330.301
15331.001
15331.002
15331.003
15331.101
15331.102
15331.103
15331.104
15331.201
15331.202
15331.203
15331.204
15331.301
15331.302
15331.303
15333.001
15333.101
15333.201
15333.301
15335.001
15335.002
15335.003
15335.004
15335.005
15335.006
15335.007
15335.008
15335.009
15335.101
15335.102
15335.103
15335.104
15335.105
15335.106
15335.107
15335.108
15335.109
15335.201
15335.202
15335.203
15335.204
15335.205
15335.206
15335.207
15335.208
15335.209
15335.210
15335.301
15335.302
15335.303
15335.304
15335.305
15335.306
15335.307
15335.308
15336.002
15336.101
15336.201
15336.302
15336.303
15337.001
15337.002
15337.003
15337.004
15337.005
15337.006
15337.101
15337.102
15337.103
15337.104
15337.105
15337.106
15337.201
15337.202
15337.203
15337.204
15337.205
15337.206
15337.207
15337.301
15337.302
15337.303
15337.304
15337.305
15337.306
15338.001
15338.002
15338.003
15338.004
15338.005
15338.101
15338.102
15338.103
15338.104
15338.105
15338.106
15338.107
15338.108
15338.201
15338.202
15338.203
15338.204
15338.205
15338.301
15338.302
15338.303
15338.304
15338.305
15342.001
15342.002
15342.003
15342.004
15342.101
15342.102
15342.103
15342.104
15342.105
15342.106
15342.107
15342.201
15342.202
15342.203
15342.204
15342.205
15342.301
15342.302
15342.303
15342.304
15343.001
15343.002
15343.003
15343.004
15343.005
15343.006
15343.007
15343.008
15343.101
15343.201
15343.202
15343.203
15343.301
15344.001
15344.101
15344.201
15344.301
15346.001
15346.101
15346.201
15346.301
15347.001
15347.101
15347.201
15347.301
15348.001
15348.002
15348.101
15348.102
15348.103
15348.201
15349.001
15349.101
15349.201
15349.301
15350.001
15350.101
15350.102
15350.201
15350.301
15352.001
15352.002
15352.101
15352.201
15352.202
15352.301
15353.001
15353.002
15353.003
15353.101
15353.102
15353.103
15353.201
15353.202
15353.203
15353.301
15353.302
15354.001
15354.002
15354.101
15354.201
15354.202
15354.301
15354.302
15356.001
15356.002
15356.003
15356.004
15356.005
15356.006
15356.007
15356.101
15356.102
15356.103
15356.201
15356.202
15356.203
15356.204
15356.205
15356.206
15356.207
15356.301
15356.302
15356.303
15356.304
15356.305
15356.306
15356.307
15357.001
15357.002
15357.003
15357.201
15357.202
15357.203
15357.301
15357.302
15357.303
15359.001
15359.002
15359.003
15359.004
15359.005
15359.101
15359.102
15359.201
15359.202
15359.203
15359.204
15359.301
15359.302
15359.303
15359.304
15363.001
15363.002
15363.003
15363.004
15363.005
15363.006
15363.007
15363.008
15363.009
15363.010
15363.011
15363.101
15363.201
15363.202
15363.203
15363.204
15363.205
15363.206
15363.207
15363.208
15363.209
15363.301
15363.302
15363.303
15363.304
15363.305
15363.306
15363.307
15363.308
15363.309
15363.310
15364.001
15364.002
15364.003
15364.004
15364.005
15364.006
15364.007
15364.008
15364.009
15364.201
15364.202
15364.203
15364.204
15364.205
15364.206
15364.301
15364.302
15364.303
15364.304
15364.305
15364.306
15365.002
15365.003
15365.004
15365.005
15365.006
15365.201
15365.202
15365.203
15365.205
15365.206
15365.301
15365.302
15365.303
15365.305
15365.306
15366.001
15366.002
15366.003
15366.004
15366.005
15366.006
15366.007
15366.008
15366.101
15366.102
15366.103
15366.104
15366.105
15366.106
15366.107
15366.108
15366.109
15366.110
15366.201
15366.202
15366.203
15366.204
15366.205
15366.206
15366.207
15366.208
15366.209
15366.210
15366.301
15366.302
15366.303
15366.304
15366.305
15366.306
15366.307
15368.002
15368.003
15368.004
15368.005
15368.006
15368.007
15368.008
15368.009
15368.010
15368.011
15368.101
15368.102
15368.103
15368.104
15368.105
15368.106
15368.107
15368.108
15368.109
15368.110
15368.111
15368.201
15368.202
15368.203
15368.205
15368.206
15368.207
15368.208
15368.301
15368.303
15368.304
15368.305
15368.306
15369.002
15369.003
15369.004
15369.005
15369.101
15369.102
15369.103
15369.104
15369.201
15369.202
15369.203
15369.204
15369.205
15369.206
15369.301
15369.302
15369.304
15369.305
15369.306
15369.307
15369.308
15370.001
15370.004
15370.006
15370.101
15370.104
15370.105
15370.106
15370.201
15370.202
15370.301
15370.302
15370.304
15370.305
15371.001
15371.202
15371.203
15371.204
15371.205
15372.013
15372.014
15372.015
15372.016
15372.017
15372.018
15372.102
15372.103
15372.104
15372.105
15372.204
15372.205
15372.301
15372.302
15373.001
15373.002
15373.003
15373.201
15373.202
15373.203
15373.301
15373.302
15373.303
15373.304
15373.305
15375.001
15375.002
15375.101
15375.102
15375.201
15375.202
15375.301
15375.302
15376.001
15376.002
15376.003
15376.004
15376.005
15376.007
15376.008
15376.009
15376.101
15376.102
15376.103
15376.104
15376.105
15376.107
15376.108
15376.109
15376.201
15376.202
15376.203
15376.204
15376.205
15376.206
15376.207
15376.208
15376.301
15376.302
15376.303
15376.304
15376.305
15376.306
15376.307
15377.001
15377.101
15377.201
15377.202
15377.203
15377.204
15377.301
15377.302
15378.001
15378.002
15378.003
15378.004
15378.005
15378.006
15378.007
15378.008
15378.009
15378.010
15378.011
15378.101
15378.102
15378.103
15378.104
15378.105
15378.106
15378.107
15378.108
15378.109
15378.201
15378.202
15378.203
15378.204
15378.205
15378.206
15378.207
15378.301
15378.302
15378.303
15378.304
15378.305
15378.306
15378.307
15379.001
15379.002
15379.201
15379.202
15379.301
15379.302
15379.303
15380.002
15380.003
15380.004
15380.006
15380.007
15380.101
15380.102
15380.103
15380.104
15380.105
15380.106
15380.107
15380.201
15380.202
15380.203
15380.204
15380.205
15380.206
15380.301
15380.302
15380.303
15380.304
15380.305
15381.001
15381.002
15381.003
15381.004
15381.101
15381.102
15381.103
15381.201
15381.302
15381.303
15382.201
15382.302
15383.002
15383.003
15383.101
15383.102
15383.201
15383.202
15383.301
15383.302
15383.303
15384.001
15384.002
15384.003
15384.101
15384.102
15384.202
15384.203
15384.204
15384.301
15384.302
15386.001
15386.002
15386.003
15386.004
15386.005
15386.006
15386.101
15386.102
15386.103
15386.104
15386.105
15386.201
15386.202
15386.203
15386.204
15386.205
15386.301
15386.302
15386.303
15386.304
15386.305
15390.001
15390.002
15390.003
15390.101
15390.102
15390.103
15390.201
15390.202
15390.203
15390.301
15390.302
15390.303
15392.001
15392.002
15392.003
15392.004
15392.005
15392.006
15392.007
15392.008
15392.101
15392.102
15392.103
15392.104
15392.105
15392.106
15392.107
15392.108
15392.201
15392.202
15392.203
15392.204
15392.205
15392.206
15392.207
15392.301
15392.302
15392.303
15392.304
15392.305
15392.306
15392.307
15393.001
15393.002
15393.003
15393.004
15393.005
15393.006
15393.007
15393.008
15393.009
15393.101
15393.102
15393.103
15393.104
15393.105
15393.106
15393.107
15393.201
15393.202
15393.203
15393.204
15393.205
15393.206
15393.207
15393.301
15393.302
15393.303
15393.304
15393.305
15393.306
15393.307
15394.001
15394.002
15394.003
15394.004
15394.101
15394.102
15394.103
15394.201
15394.202
15394.301
15394.302
15395.001
15395.101
15395.201
15395.202
15395.301
15397.001
15397.002
15397.003
15397.004
15397.005
15397.006
15397.007
15397.008
15397.009
15397.010
15397.101
15397.102
15397.103
15397.104
15397.105
15397.106
15397.107
15397.108
15397.201
15397.202
15397.203
15397.204
15397.205
15397.206
15397.207
15397.208
15397.209
15397.210
15397.301
15397.302
15397.303
15397.305
15397.306
15397.307
15397.308
15397.309
15397.310
15397.311
15399.001
15399.002
15399.003
15399.004
15399.005
15399.006
15399.007
15399.008
15399.101
15399.102
15399.103
15399.104
15399.105
15399.106
15399.107
15399.108
15399.109
15399.201
15399.202
15399.203
15399.204
15399.205
15399.206
15399.207
15399.301
15399.302
15399.303
15399.304
15399.305
15399.306
15399.307
15399.308
